trip_id,date,city_id,passenger_type,distance_travelled(km),fare_amount,passenger_rating,driver_rating
TRPLUC25082369b8fa39,2025-08-23,UP01,new,8,98,9,8
TRPCHA25082334f45de8,2025-08-23,CH01,new,15,161,7,7
TRPSUR250823f62d0fca,2025-08-23,GJ01,repeated,15,139,7,8
TRPJAI2508230bdfb1b6,2025-08-23,RJ01,new,39,505,10,8
TRPIND250823940fec7e,2025-08-23,MP01,repeated,10,103,9,7
TRPSUR250823a3d655dc,2025-08-23,GJ01,repeated,8,83,5,8
TRPCOI25082369f402fc,2025-08-23,TN01,new,15,143,9,7
TRPLUC25082367caf2b5,2025-08-23,UP01,repeated,17,179,6,8
TRPSUR2508234002a4fe,2025-08-23,GJ01,new,10,99,7,7
TRPCHA250823f015d880,2025-08-23,CH01,new,19,197,10,8
TRPLUC2508237c159d08,2025-08-23,UP01,new,12,134,9,8
TRPJAI2508231945a593,2025-08-23,RJ01,new,21,289,9,9
TRPLUC250823e8f31b81,2025-08-23,UP01,repeated,13,143,6,6
TRPLUC250823f36bbe46,2025-08-23,UP01,repeated,14,152,6,8
TRPJAI250823a51f9afb,2025-08-23,RJ01,new,33,433,8,8
TRPCOI250823cda87d59,2025-08-23,TN01,new,16,151,10,7
TRPLUC2508238340798e,2025-08-23,UP01,repeated,20,206,6,8
TRPLUC250823869324a4,2025-08-23,UP01,new,17,179,9,6
TRPVAD250823dfaa30a9,2025-08-23,GJ02,new,6,66,7,6
TRPSUR250823e1f26afc,2025-08-23,GJ01,repeated,5,59,6,5
TRPLUC2508237262700c,2025-08-23,UP01,new,8,98,8,8
TRPIND250823842ef8c4,2025-08-23,MP01,new,13,127,8,7
TRPLUC25082317cd87f4,2025-08-23,UP01,repeated,9,107,6,5
TRPSUR2508232840473a,2025-08-23,GJ01,repeated,16,147,5,8
TRPKOC250823609e4b20,2025-08-23,KL01,repeated,14,185,8,9
TRPJAI250823d90b4364,2025-08-23,RJ01,repeated,15,217,9,10
TRPCOI250823f4bcb838,2025-08-23,TN01,repeated,8,87,6,6
TRPSUR25082321916a9e,2025-08-23,GJ01,repeated,17,155,5,5
TRPKOC250823e00f46f2,2025-08-23,KL01,new,27,328,10,8
TRPLUC25082344143233,2025-08-23,UP01,repeated,15,161,6,8
TRPVAD250823a587f0a1,2025-08-23,GJ02,repeated,10,98,7,7
TRPVAD250823ec4ca1bc,2025-08-23,GJ02,repeated,18,162,6,8
TRPMYS2508235dafe189,2025-08-23,KA01,new,13,165,10,10
TRPCHA2508232127191a,2025-08-23,CH01,repeated,26,260,8,6
TRPJAI250823a8632797,2025-08-23,RJ01,repeated,17,241,8,8
TRPLUC25082392d2aaab,2025-08-23,UP01,new,10,116,9,7
TRPLUC25082369b5958d,2025-08-23,UP01,repeated,10,116,7,6
TRPMYS250823597eb493,2025-08-23,KA01,new,15,185,8,9
TRPJAI250823a8bb47a1,2025-08-23,RJ01,new,36,469,8,9
TRPSUR250823b55bdd66,2025-08-23,GJ01,repeated,12,115,5,5
TRPSUR2508238a130418,2025-08-23,GJ01,new,15,139,7,6
TRPIND250823e0578cb2,2025-08-23,MP01,new,18,167,7,8
TRPCOI25082358ba2617,2025-08-23,TN01,new,13,127,8,9
TRPCHA2508238e14b3dd,2025-08-23,CH01,new,32,314,10,8
TRPVAD25082308a279ce,2025-08-23,GJ02,repeated,5,58,7,7
TRPIND250823ba95f92a,2025-08-23,MP01,repeated,17,159,8,8
TRPJAI2508231e7e7ea3,2025-08-23,RJ01,new,15,217,10,8
TRPJAI25082380ae6ff0,2025-08-23,RJ01,repeated,20,277,8,8
TRPJAI25082307ae0f9c,2025-08-23,RJ01,new,27,361,9,10
TRPMYS250823c6c899b1,2025-08-23,KA01,new,9,125,10,10
TRPKOC250823d29938de,2025-08-23,KL01,new,38,449,10,9
TRPCHA2508233f4ffb98,2025-08-23,CH01,new,30,296,7,9
TRPVAD25082383c1129f,2025-08-23,GJ02,repeated,5,58,5,5
TRPSUR2508231f223348,2025-08-23,GJ01,repeated,15,139,6,8
TRPKOC2508235f381946,2025-08-23,KL01,new,35,416,9,9
TRPCHA250823b68e7fe5,2025-08-23,CH01,new,27,269,9,8
TRPSUR25082386c2f982,2025-08-23,GJ01,new,13,123,8,6
TRPCOI250823c6087bca,2025-08-23,TN01,new,18,167,9,7
TRPLUC25082365876d9c,2025-08-23,UP01,repeated,18,188,5,8
TRPJAI250823400b1107,2025-08-23,RJ01,new,28,373,9,10
TRPVAD250823818089eb,2025-08-23,GJ02,repeated,15,138,5,8
TRPSUR250823d078fcd9,2025-08-23,GJ01,repeated,17,155,7,7
TRPCHA2508236aa74451,2025-08-23,CH01,repeated,20,206,9,9
TRPIND250823f3985d8d,2025-08-23,MP01,repeated,12,119,9,9
TRPJAI2508237fc8908d,2025-08-23,RJ01,repeated,25,337,9,9
TRPLUC250823dbc0c094,2025-08-23,UP01,new,19,197,7,6
TRPKOC250823d3b67936,2025-08-23,KL01,new,38,449,10,9
TRPMYS2508235f9d0380,2025-08-23,KA01,new,14,175,9,9
TRPLUC2508233ae8ac8f,2025-08-23,UP01,repeated,20,206,7,7
TRPCOI2508234d8fe879,2025-08-23,TN01,repeated,8,87,8,7
TRPVAD250823d9d9d339,2025-08-23,GJ02,repeated,6,66,7,6
TRPLUC250823b0fc27f7,2025-08-23,UP01,repeated,17,179,5,8
TRPKOC250823ea334362,2025-08-23,KL01,new,15,196,9,9
TRPJAI250823fe5f1d7e,2025-08-23,RJ01,new,29,385,8,9
TRPLUC2508236d977d9b,2025-08-23,UP01,repeated,19,197,5,6
TRPKOC250823d60bd552,2025-08-23,KL01,repeated,16,207,3,3
TRPCOI250823ec943ef9,2025-08-23,TN01,repeated,17,159,7,9
TRPSUR250823e59d1d68,2025-08-23,GJ01,new,12,115,9,6
TRPCHA250823f61a7db3,2025-08-23,CH01,repeated,25,251,7,9
TRPCOI250823403e5ff9,2025-08-23,TN01,repeated,22,199,9,9
TRPSUR25082330c8af1a,2025-08-23,GJ01,repeated,16,147,7,8
TRPCOI2508239e6fded6,2025-08-23,TN01,new,17,159,9,9
TRPLUC250823849b65e5,2025-08-23,UP01,repeated,20,206,5,8
TRPLUC250823ff2002c7,2025-08-23,UP01,repeated,15,161,7,5
TRPVAD250823292fabc9,2025-08-23,GJ02,repeated,18,162,6,7
TRPIND25082311d29ef0,2025-08-23,MP01,repeated,23,207,9,7
TRPVIS250823c496b0d0,2025-08-23,AP01,repeated,35,342,7,9
TRPSUR250823f97f5dc9,2025-08-23,GJ01,repeated,11,107,5,7
TRPKOC2508237c225491,2025-08-23,KL01,new,26,317,9,10
TRPJAI2508236ae536cd,2025-08-23,RJ01,new,35,457,9,8
TRPLUC250823216ecf9f,2025-08-23,UP01,repeated,18,188,5,8
TRPIND2508239163fbb3,2025-08-23,MP01,repeated,23,207,6,6
TRPJAI2508239f7958a9,2025-08-23,RJ01,new,20,277,9,10
TRPSUR250823779d26e7,2025-08-23,GJ01,repeated,9,91,6,6
TRPJAI250823c2853a03,2025-08-23,RJ01,new,15,217,9,10
TRPLUC2508239f28e385,2025-08-23,UP01,repeated,15,161,6,7
TRPMYS25082351bc0e39,2025-08-23,KA01,new,21,245,8,8
TRPMYS250823644810f6,2025-08-23,KA01,new,10,135,8,9
TRPJAI250823306ad123,2025-08-23,RJ01,new,28,373,10,9
TRPLUC2508237ecef4f5,2025-08-23,UP01,new,19,197,8,7
TRPVAD2508234aae57bf,2025-08-23,GJ02,repeated,7,74,6,6
TRPJAI2508239dda4f6b,2025-08-23,RJ01,new,32,421,10,10
TRPCOI25082329890a7a,2025-08-23,TN01,repeated,14,135,9,9
TRPJAI250823c74972a3,2025-08-23,RJ01,repeated,34,445,8,9
TRPLUC2508232388f427,2025-08-23,UP01,repeated,18,188,7,5
TRPLUC250823bf5c8ad7,2025-08-23,UP01,repeated,15,161,6,5
TRPCHA2508230ffca481,2025-08-23,CH01,new,35,341,10,9
TRPLUC2508238439b7c0,2025-08-23,UP01,repeated,15,161,5,7
TRPLUC2508233dbbddb9,2025-08-23,UP01,new,8,98,8,6
TRPJAI250823c80b888e,2025-08-23,RJ01,repeated,44,565,7,8
TRPCOI250823d22180e1,2025-08-23,TN01,repeated,8,87,9,7
TRPCHA250823388f5622,2025-08-23,CH01,repeated,32,314,7,6
TRPJAI250823d37bb38f,2025-08-23,RJ01,new,29,385,10,10
TRPVIS250823b84d0466,2025-08-23,AP01,new,33,324,9,9
TRPSUR2508236a3619e4,2025-08-23,GJ01,new,5,59,7,6
TRPCHA25082343dc375d,2025-08-23,CH01,new,15,161,7,8
TRPLUC250823fba23101,2025-08-23,UP01,repeated,16,170,7,8
TRPCOI250823da8db10e,2025-08-23,TN01,repeated,11,111,9,9
TRPJAI25082307121d6e,2025-08-23,RJ01,new,22,301,10,9
TRPCOI2508231efdd06c,2025-08-23,TN01,repeated,19,175,8,7
TRPSUR2508233ea39707,2025-08-23,GJ01,repeated,6,67,7,7
TRPJAI250823f2f09670,2025-08-23,RJ01,new,26,349,10,9
TRPLUC25082322055f88,2025-08-23,UP01,repeated,13,143,5,6
TRPCHA250823cb655eb0,2025-08-23,CH01,repeated,35,341,7,8
TRPVIS2508237fa2b3e3,2025-08-23,AP01,repeated,14,153,7,8
TRPIND2508239b7966d6,2025-08-23,MP01,new,20,183,8,9
TRPSUR250823d5b5b191,2025-08-23,GJ01,repeated,12,115,5,6
TRPVIS25082394cb9a28,2025-08-23,AP01,repeated,11,126,7,9
TRPSUR250823519679e6,2025-08-23,GJ01,new,7,75,8,7
TRPLUC250823ee304441,2025-08-23,UP01,repeated,18,188,6,5
TRPVIS2508236ff5ad2e,2025-08-23,AP01,repeated,23,234,7,8
TRPCOI250823dfe93bda,2025-08-23,TN01,repeated,13,127,7,6
TRPCHA2508239b2998b4,2025-08-23,CH01,repeated,21,215,7,6
TRPJAI250823ca7018be,2025-08-23,RJ01,repeated,31,409,7,8
TRPLUC25082334ff7fae,2025-08-23,UP01,repeated,7,89,7,8
TRPLUC2508236e541388,2025-08-23,UP01,repeated,12,134,6,6
TRPLUC2508237d3036a7,2025-08-23,UP01,repeated,9,107,6,7
TRPMYS25082351729873,2025-08-23,KA01,repeated,18,215,7,10
TRPIND25082324cdfd15,2025-08-23,MP01,repeated,25,223,7,9
TRPVAD250823d8402b75,2025-08-23,GJ02,new,10,98,8,7
TRPCHA25082382a631db,2025-08-23,CH01,repeated,13,143,9,6
TRPVAD250823014397de,2025-08-23,GJ02,new,17,154,9,7
TRPJAI25082329f7b0a4,2025-08-23,RJ01,new,21,289,10,9
TRPVAD250823c1ed107c,2025-08-23,GJ02,new,5,58,7,8
TRPJAI2508230e3d4b0c,2025-08-23,RJ01,new,41,529,8,9
TRPJAI250823e74b300e,2025-08-23,RJ01,repeated,43,553,9,9
TRPSUR250823a4ad79f7,2025-08-23,GJ01,repeated,14,131,5,6
TRPKOC2508237f69d1b4,2025-08-23,KL01,repeated,29,350,8,9
TRPSUR250823e2ac10eb,2025-08-23,GJ01,new,11,107,9,7
TRPJAI250823ecb459d5,2025-08-23,RJ01,new,31,409,8,8
TRPJAI2508233a366da4,2025-08-23,RJ01,repeated,20,277,9,9
TRPSUR25082301cf72a2,2025-08-23,GJ01,repeated,17,155,5,8
TRPJAI2508235dcf7eb7,2025-08-23,RJ01,new,43,553,10,9
TRPVIS25082377510d48,2025-08-23,AP01,new,22,225,9,10
TRPIND2508236197bd7d,2025-08-23,MP01,new,8,87,7,8
TRPLUC2508238d1a21c1,2025-08-23,UP01,repeated,12,134,6,8
TRPJAI2508237027398f,2025-08-23,RJ01,repeated,27,361,7,8
TRPCHA250823cf3a984f,2025-08-23,CH01,new,16,170,7,9
TRPSUR2508230fba147c,2025-08-23,GJ01,repeated,16,147,6,6
TRPCHA25082303038842,2025-08-23,CH01,repeated,26,260,9,9
TRPLUC250823df57fbb9,2025-08-23,UP01,repeated,10,116,5,8
TRPCHA2508230abd5865,2025-08-23,CH01,new,17,179,10,7
TRPLUC2508232681492c,2025-08-23,UP01,repeated,11,125,7,8
TRPKOC25082341e8c095,2025-08-23,KL01,repeated,14,185,9,10
TRPKOC2508238188f902,2025-08-23,KL01,new,18,229,9,10
TRPKOC250823f5f04109,2025-08-23,KL01,new,19,240,10,9
TRPSUR25082364c77a1e,2025-08-23,GJ01,repeated,9,91,7,5
TRPIND25082318e09e8f,2025-08-23,MP01,repeated,13,127,9,8
TRPLUC250823b3a8075a,2025-08-23,UP01,repeated,10,116,7,7
TRPSUR250823cc475c79,2025-08-23,GJ01,new,10,99,9,6
TRPLUC2508230abaec32,2025-08-23,UP01,new,10,116,8,6
TRPJAI250823c02aeeac,2025-08-23,RJ01,repeated,38,493,7,9
TRPLUC250823d096430a,2025-08-23,UP01,repeated,18,188,7,6
TRPVIS25082384f0d886,2025-08-23,AP01,repeated,23,234,7,8
TRPCOI25082371e46d87,2025-08-23,TN01,repeated,8,87,8,7
TRPVAD2508235f004c19,2025-08-23,GJ02,repeated,5,58,5,5
TRPCHA250823a006ce7b,2025-08-23,CH01,new,15,161,8,9
TRPKOC250823beccc45f,2025-08-23,KL01,new,16,207,8,8
TRPKOC25082377747215,2025-08-23,KL01,new,16,207,10,9
TRPLUC250823486efd0c,2025-08-23,UP01,repeated,6,80,6,8
TRPJAI250823d09303ee,2025-08-23,RJ01,new,41,529,9,9
TRPSUR250823cd4016c1,2025-08-23,GJ01,repeated,5,59,7,6
TRPLUC250823092e0598,2025-08-23,UP01,repeated,20,206,6,8
TRPMYS2508239c2c41ac,2025-08-23,KA01,new,25,285,8,8
TRPCHA250823f20b4cb5,2025-08-23,CH01,new,31,305,7,9
TRPVAD250823aaf6c792,2025-08-23,GJ02,repeated,6,66,6,8
TRPLUC250823236b6aa7,2025-08-23,UP01,new,7,89,8,7
TRPLUC2508231d7306a5,2025-08-23,UP01,repeated,9,107,7,5
TRPKOC250823a7b06872,2025-08-23,KL01,new,21,262,9,10
TRPCHA250823879127c5,2025-08-23,CH01,new,21,215,9,8
TRPJAI2508239f9b49df,2025-08-23,RJ01,new,27,361,10,10
TRPSUR2508231b516463,2025-08-23,GJ01,new,8,83,9,7
TRPSUR250823bff86da9,2025-08-23,GJ01,new,5,59,7,8
TRPLUC2508239493bd94,2025-08-23,UP01,repeated,17,179,6,5
TRPVAD25082365291b57,2025-08-23,GJ02,new,16,146,7,8
TRPIND2508234437188a,2025-08-23,MP01,new,14,135,9,9
TRPSUR2508237733f5e6,2025-08-23,GJ01,new,6,67,8,7
TRPJAI2508231f1220ca,2025-08-23,RJ01,new,29,385,8,8
TRPIND25082326cddc28,2025-08-23,MP01,repeated,17,159,8,8
TRPLUC250823b1dcf6b2,2025-08-23,UP01,repeated,18,188,7,7
TRPJAI250823e134e56c,2025-08-23,RJ01,repeated,31,409,8,9
TRPKOC25082379f5e405,2025-08-23,KL01,new,21,262,9,9
TRPLUC25082334d8cf31,2025-08-23,UP01,new,16,170,9,7
TRPVIS250823c1ccb89b,2025-08-23,AP01,repeated,11,126,9,8
TRPVIS25082398aece09,2025-08-23,AP01,new,13,144,8,10
TRPKOC25082342120468,2025-08-23,KL01,new,21,262,8,8
TRPLUC250823d9d4ed51,2025-08-23,UP01,repeated,16,170,7,7
TRPJAI250823c413694b,2025-08-23,RJ01,repeated,37,481,7,10
TRPCOI250823f85c6232,2025-08-23,TN01,repeated,16,151,8,6
TRPLUC2508237518e73b,2025-08-23,UP01,repeated,15,161,6,8
TRPKOC250823023f610a,2025-08-23,KL01,new,29,350,9,8
TRPLUC250823c5831a70,2025-08-23,UP01,repeated,6,80,7,5
TRPVAD2508238e9d055b,2025-08-23,GJ02,repeated,13,122,6,8
TRPCHA2508235258c5de,2025-08-23,CH01,new,31,305,10,8
TRPJAI250823478814b7,2025-08-23,RJ01,repeated,22,301,9,10
TRPCHA250823dd164b47,2025-08-23,CH01,new,35,341,9,7
TRPLUC250823b4e674af,2025-08-23,UP01,repeated,6,80,5,5
TRPCHA2508235d856012,2025-08-23,CH01,repeated,24,242,6,6
TRPLUC2508235fd8c3fd,2025-08-23,UP01,new,7,89,9,7
TRPSUR25082360fbfb05,2025-08-23,GJ01,repeated,10,99,5,6
TRPLUC25082304bfccf3,2025-08-23,UP01,new,8,98,8,8
TRPKOC2508237009af7d,2025-08-23,KL01,repeated,20,251,9,10
TRPJAI2508234497ccdf,2025-08-23,RJ01,new,26,349,10,10
TRPSUR250823f5a6334b,2025-08-23,GJ01,repeated,15,139,7,6
TRPLUC250823b13105e2,2025-08-23,UP01,new,18,188,8,7
TRPLUC250823285a5d30,2025-08-23,UP01,repeated,19,197,5,8
TRPKOC250823e4c3ebfe,2025-08-23,KL01,new,29,350,8,9
TRPSUR250823766fd0ea,2025-08-23,GJ01,repeated,10,99,5,7
TRPLUC2508236deead0b,2025-08-23,UP01,new,9,107,7,8
TRPCHA250823c3a3daef,2025-08-23,CH01,new,20,206,8,7
TRPSUR25082383206e5f,2025-08-23,GJ01,repeated,11,107,6,7
TRPJAI250823d4ed3171,2025-08-23,RJ01,new,22,301,10,10
TRPIND250823962e7896,2025-08-23,MP01,new,8,87,8,8
TRPLUC250823aa841e0e,2025-08-23,UP01,repeated,16,170,5,8
TRPSUR250823247e2e08,2025-08-23,GJ01,new,16,147,9,6
TRPIND250823cf9717df,2025-08-23,MP01,repeated,13,127,7,9
TRPIND250823352e9dbc,2025-08-23,MP01,repeated,21,191,9,9
TRPLUC250823568c1732,2025-08-23,UP01,repeated,10,116,6,8
TRPLUC25082375e49274,2025-08-23,UP01,new,7,89,9,6
TRPJAI250823128ed38f,2025-08-23,RJ01,new,29,385,9,8
TRPJAI250823dd404a37,2025-08-23,RJ01,repeated,44,565,9,8
TRPCOI250823b9d0e11a,2025-08-23,TN01,new,17,159,9,7
TRPVIS250823a7ddb6d1,2025-08-23,AP01,repeated,14,153,9,8
TRPMYS250823e8924087,2025-08-23,KA01,new,22,255,9,8
TRPJAI2508232102ef4f,2025-08-23,RJ01,new,19,265,10,10
TRPKOC250823cca9d351,2025-08-23,KL01,new,24,295,9,9
TRPJAI2508239594f8e7,2025-08-23,RJ01,new,25,337,9,9
TRPLUC2508234a6ce193,2025-08-23,UP01,new,9,107,7,8
TRPIND250823ba6ac8f5,2025-08-23,MP01,repeated,21,191,9,8
TRPVIS2508236fe5bace,2025-08-23,AP01,new,31,306,10,8
TRPLUC25082397716a49,2025-08-23,UP01,repeated,9,107,7,8
TRPIND25082303b29fd7,2025-08-23,MP01,repeated,9,95,6,8
TRPSUR250823dd7bc769,2025-08-23,GJ01,repeated,15,139,6,8
TRPIND250823ea77194b,2025-08-23,MP01,repeated,23,207,6,9
TRPJAI2508232e9435bd,2025-08-23,RJ01,new,27,361,9,8
TRPCHA25082347d0f306,2025-08-23,CH01,repeated,28,278,8,8
TRPLUC250823221c465e,2025-08-23,UP01,repeated,15,161,7,7
TRPVIS250823a4d74d27,2025-08-23,AP01,repeated,32,315,7,10
TRPJAI250823bf3c0939,2025-08-23,RJ01,new,19,265,10,8
TRPCHA250823e5e6e522,2025-08-23,CH01,repeated,26,260,9,6
TRPCOI2508234da6eb21,2025-08-23,TN01,new,9,95,8,8
TRPIND250823213ae1b1,2025-08-23,MP01,new,10,103,10,8
TRPVAD25082357abbbfb,2025-08-23,GJ02,new,13,122,7,8
TRPJAI250823b3c060c8,2025-08-23,RJ01,repeated,26,349,8,9
TRPSUR2508236ae4708a,2025-08-23,GJ01,new,16,147,8,8
TRPSUR2508232fc50975,2025-08-23,GJ01,repeated,11,107,5,6
TRPIND2508231f29b371,2025-08-23,MP01,new,16,151,9,9
TRPCHA250823a23929d7,2025-08-23,CH01,repeated,13,143,8,9
TRPLUC250823446063ac,2025-08-23,UP01,new,13,143,8,6
TRPLUC250823f36953b1,2025-08-23,UP01,new,7,89,9,6
TRPJAI25082334a7f5f5,2025-08-23,RJ01,repeated,28,373,8,8
TRPVIS250823b17797fd,2025-08-23,AP01,new,15,162,8,9
TRPVIS25082341da1b3c,2025-08-23,AP01,new,33,324,10,10
TRPKOC2508238ad27b84,2025-08-23,KL01,repeated,29,350,7,9
TRPIND25082308a6b7bb,2025-08-23,MP01,repeated,21,191,9,7
TRPVAD250823a6039117,2025-08-23,GJ02,new,17,154,8,6
TRPLUC250823ce21998c,2025-08-23,UP01,repeated,11,125,6,5
TRPLUC2508239157bd4a,2025-08-23,UP01,new,5,71,8,6
TRPCOI2508236ea44190,2025-08-23,TN01,repeated,13,127,6,7
TRPCOI25082316f00024,2025-08-23,TN01,new,15,143,8,7
TRPVAD250823d59a7ab3,2025-08-23,GJ02,repeated,9,90,5,5
TRPLUC2508230e1d2719,2025-08-23,UP01,new,10,116,8,6
TRPJAI250823f2ec71ef,2025-08-23,RJ01,new,22,301,8,10
TRPLUC250823e5c8761f,2025-08-23,UP01,repeated,18,188,6,6
TRPSUR250823c64fe388,2025-08-23,GJ01,repeated,15,139,7,8
TRPVIS250823e0f5068d,2025-08-23,AP01,repeated,12,135,8,8
TRPLUC250823051c5036,2025-08-23,UP01,repeated,15,161,5,7
TRPJAI25082394593a4e,2025-08-23,RJ01,new,19,265,10,8
TRPVIS250823fbbb4127,2025-08-23,AP01,repeated,22,225,8,9
TRPKOC25082317f03b3a,2025-08-23,KL01,repeated,20,251,9,9
TRPKOC2508232bb0907d,2025-08-23,KL01,repeated,38,449,7,10
TRPLUC250823476703c6,2025-08-23,UP01,repeated,10,116,7,7
TRPCHA25082351cfe6c0,2025-08-23,CH01,repeated,24,242,9,9
TRPMYS25082384513f46,2025-08-23,KA01,new,14,175,10,9
TRPLUC250823a90becb6,2025-08-23,UP01,repeated,9,107,5,8
TRPSUR250823ca229baa,2025-08-23,GJ01,repeated,10,99,5,5
TRPLUC2508236e867d3e,2025-08-23,UP01,new,11,125,7,7
TRPVAD2508231d0c2867,2025-08-23,GJ02,repeated,12,114,6,6
TRPVAD25082344c5e0a9,2025-08-23,GJ02,new,14,130,7,7
TRPSUR250823827efe73,2025-08-23,GJ01,repeated,17,155,6,7
TRPKOC250823bfe2fc65,2025-08-23,KL01,new,34,405,10,8
TRPCHA250823820807b3,2025-08-23,CH01,new,22,224,7,8
TRPJAI250823b2fe4227,2025-08-23,RJ01,new,31,409,9,8
TRPKOC2508232255fef8,2025-08-23,KL01,repeated,21,262,9,9
TRPJAI2508238cc3648e,2025-08-23,RJ01,new,21,289,8,10
TRPCHA25082392fb7f39,2025-08-23,CH01,new,20,206,10,9
TRPLUC250823b0d89950,2025-08-23,UP01,new,12,134,8,7
TRPJAI250823b3af5fca,2025-08-23,RJ01,new,41,529,10,10
TRPLUC25082375d2e40e,2025-08-23,UP01,new,7,89,8,8
TRPVIS2508237e265e78,2025-08-23,AP01,new,17,180,10,10
TRPKOC250823b2a76155,2025-08-23,KL01,new,13,174,10,8
TRPJAI250823978e1907,2025-08-23,RJ01,new,42,541,9,10
TRPLUC250823c599d1fb,2025-08-23,UP01,repeated,10,116,5,6
TRPIND250823c8212c2a,2025-08-23,MP01,repeated,15,143,8,9
TRPCOI25082333950a39,2025-08-23,TN01,new,22,199,9,7
TRPLUC25082353f8af4c,2025-08-23,UP01,repeated,18,188,5,7
TRPVAD250823fbec41e4,2025-08-23,GJ02,repeated,6,66,7,6
TRPVIS250823e3106aa4,2025-08-23,AP01,new,11,126,8,9
TRPSUR25082339252838,2025-08-23,GJ01,repeated,7,75,7,5
TRPJAI25082375136ee0,2025-08-23,RJ01,new,28,373,8,10
TRPJAI2508232f389dc2,2025-08-23,RJ01,new,43,553,9,9
TRPCHA25082397b3e877,2025-08-23,CH01,new,33,323,10,9
TRPVAD250823e07c1225,2025-08-23,GJ02,new,18,162,9,6
TRPIND250823c3f7788f,2025-08-23,MP01,repeated,25,223,8,8
TRPLUC250823eb24849e,2025-08-23,UP01,repeated,12,134,6,7
TRPCHA2508232d2314f3,2025-08-23,CH01,new,33,323,8,8
TRPSUR250823312362ae,2025-08-23,GJ01,repeated,5,59,5,7
TRPLUC2508232731b635,2025-08-23,UP01,new,6,80,9,6
TRPKOC25082376232876,2025-08-23,KL01,new,10,141,10,8
TRPLUC25082361a9d7c5,2025-08-23,UP01,new,17,179,7,6
TRPLUC250823f1b02b78,2025-08-23,UP01,new,17,179,7,7
TRPJAI25082339ecacf3,2025-08-23,RJ01,new,23,313,10,8
TRPKOC250823440c9ae5,2025-08-23,KL01,new,14,185,8,9
TRPLUC250823fb0cefa7,2025-08-23,UP01,repeated,12,134,7,6
TRPIND25082318ba6559,2025-08-23,MP01,new,17,159,7,8
TRPJAI2508239dd6001b,2025-08-23,RJ01,new,26,349,10,8
TRPCOI250823bc932a02,2025-08-23,TN01,repeated,16,151,8,8
TRPJAI250823c75031f2,2025-08-23,RJ01,new,37,481,9,9
TRPCOI25082362162ab7,2025-08-23,TN01,new,8,87,8,7
TRPJAI250823f01d3cea,2025-08-23,RJ01,repeated,22,301,8,9
TRPLUC250823885a2546,2025-08-23,UP01,repeated,9,107,6,7
TRPSUR2508239a4c618e,2025-08-23,GJ01,repeated,14,131,5,8
TRPVIS2508235e762490,2025-08-23,AP01,repeated,11,126,8,8
TRPVIS250823ab954f97,2025-08-23,AP01,repeated,27,270,8,10
TRPJAI250823a9d63ee8,2025-08-23,RJ01,repeated,20,277,9,8
TRPSUR25082362cffb80,2025-08-23,GJ01,repeated,17,155,7,8
TRPVIS2508232d2a948f,2025-08-23,AP01,new,17,180,9,8
TRPKOC2508237015512c,2025-08-23,KL01,repeated,23,284,9,10
TRPVIS25082335e60f90,2025-08-23,AP01,new,23,234,9,9
TRPSUR250823cf30c835,2025-08-23,GJ01,repeated,16,147,6,8
TRPLUC2508230dcff906,2025-08-23,UP01,repeated,20,206,7,6
TRPJAI250823e1b27437,2025-08-23,RJ01,repeated,44,565,8,9
TRPJAI25082338ee7b24,2025-08-23,RJ01,new,45,577,10,8
TRPCHA250823052c735c,2025-08-23,CH01,repeated,32,314,8,9
TRPCHA250823779ac46c,2025-08-23,CH01,repeated,33,323,8,6
TRPSUR250823ee92013c,2025-08-23,GJ01,repeated,17,155,6,8
TRPJAI25082379196ed7,2025-08-23,RJ01,new,36,469,10,8
TRPSUR25082375d3c70d,2025-08-23,GJ01,repeated,17,155,5,7
TRPSUR25082343dcb672,2025-08-23,GJ01,repeated,6,67,5,7
TRPKOC2508236c44f97e,2025-08-23,KL01,new,11,152,10,8
TRPLUC25082358479b0b,2025-08-23,UP01,repeated,16,170,5,5
TRPIND25082336d9d8b9,2025-08-23,MP01,new,10,103,8,8
TRPVIS250823009e734c,2025-08-23,AP01,new,29,288,10,9
TRPSUR250823d668966b,2025-08-23,GJ01,new,8,83,8,6
TRPJAI250823d44d7345,2025-08-23,RJ01,repeated,42,541,8,8
TRPCHA250823e666dcb6,2025-08-23,CH01,new,35,341,9,9
TRPLUC250823e39c1bb1,2025-08-23,UP01,repeated,19,197,5,8
TRPLUC250823c2b9dc50,2025-08-23,UP01,repeated,5,71,5,5
TRPIND250823badbae7a,2025-08-23,MP01,repeated,13,127,9,6
TRPCHA250823bf31cce0,2025-08-23,CH01,new,18,188,9,8
TRPSUR250823a1c55619,2025-08-23,GJ01,new,17,155,9,6
TRPLUC250823505b899c,2025-08-23,UP01,repeated,6,80,7,6
TRPLUC2508230df06717,2025-08-23,UP01,repeated,12,134,5,6
TRPLUC250823259c8689,2025-08-23,UP01,new,6,80,7,8
TRPSUR2508233d41e2a7,2025-08-23,GJ01,new,14,131,8,7
TRPLUC250823b611a719,2025-08-23,UP01,repeated,6,80,5,5
TRPIND2508236f884ba8,2025-08-23,MP01,repeated,19,175,6,8
TRPJAI250823ac22b134,2025-08-23,RJ01,new,33,433,9,9
TRPJAI250823bce3231e,2025-08-23,RJ01,new,24,325,8,8
TRPLUC250823787f8f90,2025-08-23,UP01,repeated,15,161,5,6
TRPIND2508230efe6c65,2025-08-23,MP01,repeated,14,135,8,8
TRPVIS25082355a740c3,2025-08-23,AP01,repeated,34,333,9,8
TRPVIS250823f58a9c03,2025-08-23,AP01,repeated,31,306,9,8
TRPCHA250823261af2eb,2025-08-23,CH01,new,28,278,8,8
TRPLUC250823b533f320,2025-08-23,UP01,repeated,7,89,7,5
TRPIND2508234eb099b3,2025-08-23,MP01,repeated,24,215,9,7
TRPCHA2508231b66d37c,2025-08-23,CH01,new,27,269,10,8
TRPVAD25082301ee769f,2025-08-23,GJ02,repeated,8,82,5,6
TRPSUR25082306f5af15,2025-08-23,GJ01,repeated,17,155,7,7
TRPSUR250823c53d1fd3,2025-08-23,GJ01,repeated,16,147,6,5
TRPCHA250823b89fe896,2025-08-23,CH01,repeated,22,224,6,6
TRPLUC25082352d0c155,2025-08-23,UP01,repeated,9,107,5,5
TRPCOI25082332b29b1c,2025-08-23,TN01,new,13,127,7,9
TRPCHA250823377adf01,2025-08-23,CH01,repeated,13,143,8,6
TRPVAD2508235d7f0272,2025-08-23,GJ02,new,17,154,7,6
TRPJAI250823761066eb,2025-08-23,RJ01,new,19,265,10,10
TRPLUC250823c03f1132,2025-08-23,UP01,repeated,5,71,5,6
TRPLUC250823b4bc7fb3,2025-08-23,UP01,repeated,13,143,5,7
TRPVIS2508236a031cd2,2025-08-23,AP01,new,24,243,8,9
TRPCOI25082381fba7d1,2025-08-23,TN01,new,9,95,9,7
TRPVAD2508239f36e399,2025-08-23,GJ02,repeated,13,122,6,8
TRPCHA250823bfe09d8e,2025-08-23,CH01,new,25,251,7,8
TRPSUR25082338bb044e,2025-08-23,GJ01,repeated,17,155,5,5
TRPVAD250823cc5421de,2025-08-23,GJ02,repeated,10,98,6,6
TRPVIS2508230e9ae8fe,2025-08-23,AP01,new,14,153,10,10
TRPLUC250823374482db,2025-08-23,UP01,repeated,7,89,6,6
TRPSUR250823fdd87d95,2025-08-23,GJ01,repeated,8,83,5,5
TRPLUC2508233b648f4f,2025-08-23,UP01,repeated,19,197,6,5
TRPLUC250823c1beb128,2025-08-23,UP01,repeated,14,152,6,6
TRPJAI25082300265d0a,2025-08-23,RJ01,new,31,409,9,10
TRPLUC250823c110dc9c,2025-08-23,UP01,repeated,11,125,6,5
TRPMYS25082361beb0e7,2025-08-23,KA01,repeated,11,145,7,10
TRPCHA250823c8e67764,2025-08-23,CH01,new,13,143,7,9
TRPSUR2508239c55f0a1,2025-08-23,GJ01,repeated,7,75,6,5
TRPCOI250823ee4df1bd,2025-08-23,TN01,new,12,119,10,8
TRPJAI250823fdc9bea9,2025-08-23,RJ01,new,25,337,9,10
TRPJAI2508235d43ba66,2025-08-23,RJ01,new,24,325,10,9
TRPLUC25082316685dc8,2025-08-23,UP01,repeated,5,71,7,8
TRPIND25082363fbecc8,2025-08-23,MP01,new,11,111,9,8
TRPLUC250823f8cbd97f,2025-08-23,UP01,new,17,179,1,2
TRPSUR250823fd4d0a19,2025-08-23,GJ01,repeated,16,147,5,7
TRPLUC2508238d377c5e,2025-08-23,UP01,repeated,18,188,6,5
TRPVIS2508231061e070,2025-08-23,AP01,repeated,21,216,9,9
TRPLUC2508239f69b3a9,2025-08-23,UP01,new,10,116,8,8
TRPKOC25082322f13477,2025-08-23,KL01,repeated,11,152,8,9
TRPLUC2508234a597484,2025-08-23,UP01,new,8,98,9,7
TRPCHA2508238dabf7ac,2025-08-23,CH01,repeated,25,251,9,9
TRPJAI250823772737bd,2025-08-23,RJ01,repeated,40,517,9,8
TRPKOC250823bbf3d8a3,2025-08-23,KL01,repeated,33,394,7,8
TRPCOI250823c5cb6963,2025-08-23,TN01,new,14,135,10,7
TRPVAD2508232fbf3603,2025-08-23,GJ02,repeated,5,58,7,8
TRPSUR2508231178570f,2025-08-23,GJ01,repeated,11,107,5,7
TRPVIS250823cb8aaf52,2025-08-23,AP01,repeated,16,171,8,8
TRPLUC250823cc986367,2025-08-23,UP01,new,15,161,9,6
TRPCOI2508233a402c87,2025-08-23,TN01,repeated,14,135,7,6
TRPVAD25082311a1c8f9,2025-08-23,GJ02,repeated,16,146,5,5
TRPIND250823feec8ab5,2025-08-23,MP01,repeated,11,111,9,7
TRPJAI250823f54b8393,2025-08-23,RJ01,repeated,15,217,7,9
TRPJAI2508233b45990a,2025-08-23,RJ01,repeated,41,529,8,9
TRPSUR250823b52908f1,2025-08-23,GJ01,repeated,5,59,7,6
TRPKOC2508233b3590a7,2025-08-23,KL01,repeated,14,185,9,8
TRPVAD25082374fb9310,2025-08-23,GJ02,repeated,18,162,5,7
TRPJAI250823d9786ddf,2025-08-23,RJ01,new,32,421,9,9
TRPLUC250823d7e6691f,2025-08-23,UP01,new,7,89,9,6
TRPCHA250823659679ee,2025-08-23,CH01,repeated,33,323,9,6
TRPSUR2508237dc9378f,2025-08-23,GJ01,new,15,139,7,6
TRPCOI250823c1795a88,2025-08-23,TN01,repeated,22,199,9,7
TRPVAD25082316a78224,2025-08-23,GJ02,repeated,10,98,5,5
TRPKOC2508232d089f2d,2025-08-23,KL01,repeated,15,196,7,9
TRPSUR25082303618c4b,2025-08-23,GJ01,repeated,6,67,6,8
TRPVAD25082386d2278b,2025-08-23,GJ02,new,18,162,8,8
TRPLUC250823f3a7065f,2025-08-23,UP01,new,18,188,7,6
TRPCHA25082311a3eb9c,2025-08-23,CH01,repeated,30,296,8,6
TRPLUC25082316e6e903,2025-08-23,UP01,repeated,12,134,5,6
TRPSUR2508236c241048,2025-08-23,GJ01,repeated,13,123,5,8
TRPJAI2508232c8371f6,2025-08-23,RJ01,repeated,24,325,7,9
TRPKOC250823682b7653,2025-08-23,KL01,new,33,394,8,9
TRPLUC2508234e421161,2025-08-23,UP01,repeated,17,179,5,8
TRPLUC2508231367b795,2025-08-23,UP01,new,11,125,8,8
TRPKOC2508233f47dc1e,2025-08-23,KL01,new,18,229,9,9
TRPKOC250823035e665e,2025-08-23,KL01,repeated,33,394,7,9
TRPLUC2508237431df62,2025-08-23,UP01,repeated,20,206,5,6
TRPMYS25082371a33ba1,2025-08-23,KA01,new,25,285,10,8
TRPJAI2508232fb08879,2025-08-23,RJ01,new,18,253,9,9
TRPIND250823636629c5,2025-08-23,MP01,repeated,20,183,7,7
TRPKOC250823f689f545,2025-08-23,KL01,repeated,30,361,8,10
TRPVAD2508233e47e1d4,2025-08-23,GJ02,new,8,82,7,8
TRPSUR2508234da8ba21,2025-08-23,GJ01,repeated,11,107,5,6
TRPCOI250823c3dc2542,2025-08-23,TN01,new,17,159,7,9
TRPKOC2508231a19ad97,2025-08-23,KL01,repeated,23,284,7,10
TRPCHA250823308e4ecc,2025-08-23,CH01,repeated,14,152,9,8
TRPVIS250823c11da1ff,2025-08-23,AP01,repeated,11,126,9,8
TRPJAI2508238daddb68,2025-08-23,RJ01,repeated,29,385,9,8
TRPLUC25082386f8ac68,2025-08-23,UP01,new,15,161,8,6
TRPSUR25082330aea3d1,2025-08-23,GJ01,repeated,13,123,7,6
TRPVAD25082327cbd42f,2025-08-23,GJ02,new,10,98,8,7
TRPIND250823d0207023,2025-08-23,MP01,repeated,16,151,7,6
TRPCHA2508231e6c8837,2025-08-23,CH01,repeated,19,197,9,7
TRPVIS2508236a714d7e,2025-08-23,AP01,repeated,15,162,7,8
TRPKOC250823793f3379,2025-08-23,KL01,new,31,372,8,10
TRPJAI250823679b7d0f,2025-08-23,RJ01,new,32,421,10,8
TRPCHA2508237519fc51,2025-08-23,CH01,repeated,12,134,9,9
TRPSUR250823fa7c7efc,2025-08-23,GJ01,new,12,115,7,8
TRPJAI25082391f84665,2025-08-23,RJ01,repeated,45,577,8,10
TRPLUC250823f210efe8,2025-08-23,UP01,repeated,18,188,6,8
TRPVAD25082378869e15,2025-08-23,GJ02,repeated,17,154,6,6
TRPKOC2508234f144a31,2025-08-23,KL01,repeated,36,427,8,9
TRPJAI250823cf2e2401,2025-08-23,RJ01,new,20,277,8,8
TRPVAD2508233a2753be,2025-08-23,GJ02,repeated,12,114,7,7
TRPSUR250823c8780094,2025-08-23,GJ01,new,13,123,8,6
TRPJAI2508232573466a,2025-08-23,RJ01,repeated,27,361,8,10
TRPLUC25082374ac079e,2025-08-23,UP01,repeated,18,188,7,5
TRPCOI250823eca80416,2025-08-23,TN01,repeated,17,159,7,6
TRPVAD2508235cdd10a2,2025-08-23,GJ02,new,11,106,7,7
TRPCHA2508232607988a,2025-08-23,CH01,new,14,152,10,7
TRPJAI250823c1472a22,2025-08-23,RJ01,new,41,529,8,10
TRPSUR2508235eb4aa53,2025-08-23,GJ01,repeated,7,75,6,7
TRPJAI250823341ae017,2025-08-23,RJ01,repeated,37,481,8,10
TRPSUR250823b3ecd88e,2025-08-23,GJ01,repeated,15,139,7,7
TRPIND250823fc53119a,2025-08-23,MP01,new,25,223,9,8
TRPSUR250823b9726d26,2025-08-23,GJ01,repeated,6,67,7,5
TRPLUC25082316a5e626,2025-08-23,UP01,new,19,197,7,6
TRPJAI250823a94b6597,2025-08-23,RJ01,new,32,421,10,8
TRPMYS250823e898522a,2025-08-23,KA01,new,18,215,8,9
TRPLUC2508236d1f9bd0,2025-08-23,UP01,new,9,107,7,8
TRPLUC2508234f0723d2,2025-08-23,UP01,repeated,19,197,6,5
TRPCOI2508235bb19c5f,2025-08-23,TN01,repeated,13,127,7,9
TRPJAI250823c9cead90,2025-08-23,RJ01,new,41,529,9,8
TRPVAD2508239c4eaa1b,2025-08-23,GJ02,repeated,8,82,5,5
TRPIND250823c4f415ad,2025-08-23,MP01,new,18,167,9,8
TRPKOC25082343c4b720,2025-08-23,KL01,repeated,24,295,9,9
TRPVAD250823131290b0,2025-08-23,GJ02,repeated,9,90,5,7
TRPJAI250823da0f0f34,2025-08-23,RJ01,new,42,541,10,8
TRPLUC250823ba6a0dbc,2025-08-23,UP01,new,14,152,9,6
TRPLUC250823b1846394,2025-08-23,UP01,repeated,20,206,5,8
TRPJAI2508232e96f924,2025-08-23,RJ01,repeated,28,373,8,8
TRPIND2508233354bca0,2025-08-23,MP01,new,8,87,8,9
TRPIND25082385e9dd46,2025-08-23,MP01,repeated,11,111,9,9
TRPLUC250823464f863c,2025-08-23,UP01,repeated,11,125,6,6
TRPLUC250823e02408da,2025-08-23,UP01,repeated,17,179,6,5
TRPSUR25082389168bee,2025-08-23,GJ01,new,8,83,7,7
TRPCOI250823d5a54a79,2025-08-23,TN01,repeated,14,135,8,8
TRPCHA250823f2441cb7,2025-08-23,CH01,new,26,260,9,9
TRPLUC250823bd846daf,2025-08-23,UP01,new,10,116,7,7
TRPCHA250823d3537a65,2025-08-23,CH01,new,23,233,8,9
TRPIND2508232c106d22,2025-08-23,MP01,new,10,103,9,7
TRPLUC250823c6328f00,2025-08-23,UP01,new,13,143,9,8
TRPMYS2508233593da8c,2025-08-23,KA01,repeated,24,275,9,9
TRPLUC25082332957b7e,2025-08-23,UP01,repeated,6,80,5,7
TRPLUC2508235ddecc56,2025-08-23,UP01,repeated,6,80,7,5
TRPKOC2508232c6a57a1,2025-08-23,KL01,repeated,17,218,7,9
TRPJAI2508235f26e472,2025-08-23,RJ01,repeated,23,313,7,9
TRPJAI25082366ddd1f4,2025-08-23,RJ01,new,16,229,10,9
TRPVIS250823f841c007,2025-08-23,AP01,new,12,135,9,8
TRPJAI2508235d2512bb,2025-08-23,RJ01,repeated,37,481,7,9
TRPLUC250823be07cf56,2025-08-23,UP01,repeated,16,170,7,6
TRPJAI250823a5948982,2025-08-23,RJ01,new,27,361,8,8
TRPLUC2508235db4a822,2025-08-23,UP01,repeated,11,125,5,8
TRPKOC25082321ec9241,2025-08-23,KL01,new,13,174,8,8
TRPLUC2508230d09dd36,2025-08-23,UP01,repeated,13,143,5,5
TRPMYS250823ed38f4e8,2025-08-23,KA01,new,18,215,8,8
TRPCHA250823722d2c87,2025-08-23,CH01,new,25,251,7,8
TRPVIS250823a7c5b4f4,2025-08-23,AP01,new,20,207,9,9
TRPJAI2508239b92e95d,2025-08-23,RJ01,new,29,385,9,8
TRPIND250823ff26806f,2025-08-23,MP01,new,15,143,7,7
TRPCHA2508231ad6cc88,2025-08-23,CH01,repeated,12,134,9,9
TRPCHA250823dc94e1f9,2025-08-23,CH01,new,18,188,9,7
TRPLUC250823a52507f9,2025-08-23,UP01,repeated,15,161,7,7
TRPSUR250823e4d4b85b,2025-08-23,GJ01,repeated,14,131,7,6
TRPCHA2508232e47a18e,2025-08-23,CH01,new,30,296,8,8
TRPIND250823725f9a14,2025-08-23,MP01,repeated,13,127,6,7
TRPCOI2508232e21f3f2,2025-08-23,TN01,new,22,199,9,8
TRPSUR250823bb74993a,2025-08-23,GJ01,repeated,16,147,6,8
TRPMYS2508232d2717e4,2025-08-23,KA01,repeated,19,225,9,10
TRPJAI25082390dc779b,2025-08-23,RJ01,repeated,23,313,7,8
TRPCHA2508232979a532,2025-08-23,CH01,repeated,12,134,6,7
TRPVAD25082345318b36,2025-08-23,GJ02,new,14,130,7,6
TRPCHA2508237e64ca6d,2025-08-23,CH01,new,27,269,9,7
TRPSUR250823448f2a44,2025-08-23,GJ01,repeated,7,75,6,5
TRPSUR2508236a157245,2025-08-23,GJ01,repeated,15,139,7,8
TRPJAI25082333562bdf,2025-08-23,RJ01,new,24,325,10,10
TRPVAD250823dac20c4d,2025-08-23,GJ02,repeated,9,90,7,5
TRPCOI250823d595a562,2025-08-23,TN01,new,17,159,9,9
TRPJAI25082381bd0b84,2025-08-23,RJ01,repeated,21,289,7,8
TRPLUC2508235487368b,2025-08-23,UP01,new,8,98,9,6
TRPCOI25082367af9fcc,2025-08-23,TN01,repeated,19,175,6,6
TRPLUC250823549a569c,2025-08-23,UP01,repeated,14,152,5,8
TRPLUC2508237219e198,2025-08-23,UP01,repeated,16,170,5,8
TRPSUR25082336c3e29c,2025-08-23,GJ01,repeated,5,59,5,8
TRPJAI2508231802f4f1,2025-08-23,RJ01,new,18,253,9,10
TRPLUC250823502c0b78,2025-08-23,UP01,repeated,20,206,7,8
TRPKOC25082394792965,2025-08-23,KL01,repeated,32,383,7,10
TRPCOI250823e7ed0b9e,2025-08-23,TN01,repeated,16,151,7,7
TRPVIS250823799a75ea,2025-08-23,AP01,new,26,261,10,9
TRPJAI250823fa952dbc,2025-08-23,RJ01,new,20,277,10,10
TRPVAD2508233dff7ee6,2025-08-23,GJ02,repeated,17,154,6,6
TRPIND25082397b68e90,2025-08-23,MP01,repeated,11,111,6,7
TRPVAD25082307830ef6,2025-08-23,GJ02,repeated,12,114,5,8
TRPLUC2508234538f75f,2025-08-23,UP01,new,5,71,7,6
TRPLUC250823e4ab9baa,2025-08-23,UP01,repeated,7,89,6,8
TRPJAI250823e1e9e6bb,2025-08-23,RJ01,new,35,457,9,8
TRPVIS250823dcc33428,2025-08-23,AP01,new,27,270,8,9
TRPIND2508233f22d618,2025-08-23,MP01,repeated,22,199,8,8
TRPSUR2508239b8d5390,2025-08-23,GJ01,new,14,131,7,8
TRPCHA25082343f706ae,2025-08-23,CH01,new,15,161,9,7
TRPLUC2508239aa9a4db,2025-08-23,UP01,repeated,18,188,6,6
TRPIND2508236d61c9b3,2025-08-23,MP01,new,23,207,7,8
TRPJAI25082386cf92d0,2025-08-23,RJ01,new,41,529,8,10
TRPSUR2508235be5e6fe,2025-08-23,GJ01,new,10,99,9,7
TRPIND250823a1ed20a8,2025-08-23,MP01,repeated,24,215,6,8
TRPLUC25082359bd0b3c,2025-08-23,UP01,new,14,152,7,8
TRPJAI250823070db3cd,2025-08-23,RJ01,repeated,24,325,9,8
TRPMYS250823e5cee3e4,2025-08-23,KA01,new,18,215,8,8
TRPSUR2508231f9dbf32,2025-08-23,GJ01,repeated,9,91,5,6
TRPKOC250823d7dc8629,2025-08-23,KL01,new,20,251,9,10
TRPKOC2508233f284025,2025-08-23,KL01,new,30,361,10,9
TRPSUR2508230e17b3a6,2025-08-23,GJ01,new,9,91,9,6
TRPVIS250823b55fe577,2025-08-23,AP01,repeated,10,117,8,9
TRPCHA250823e4adb43a,2025-08-23,CH01,new,28,278,9,7
TRPIND250823536db73f,2025-08-23,MP01,repeated,25,223,7,7
TRPCOI250823e6292d67,2025-08-23,TN01,new,14,135,9,8
TRPVAD250823271d3f03,2025-08-23,GJ02,new,14,130,7,8
TRPVIS2508237432d90e,2025-08-23,AP01,repeated,16,171,8,8
TRPLUC250823b62380c5,2025-08-23,UP01,new,17,179,7,7
TRPCOI25082358aac2b2,2025-08-23,TN01,new,17,159,10,8
TRPSUR250823fddb50f7,2025-08-23,GJ01,new,5,59,8,6
TRPJAI250823f761705d,2025-08-23,RJ01,new,32,421,8,9
TRPLUC250823c1ff93c6,2025-08-23,UP01,repeated,16,170,5,7
TRPJAI250823340bbae4,2025-08-23,RJ01,new,17,241,10,10
TRPSUR250823d1f4267c,2025-08-23,GJ01,repeated,14,131,7,5
TRPKOC250823ae30c605,2025-08-23,KL01,new,30,361,9,10
TRPSUR2508230d5690ae,2025-08-23,GJ01,repeated,12,115,7,8
TRPSUR250823a2922a9d,2025-08-23,GJ01,repeated,17,155,7,5
TRPCOI250823410e52a8,2025-08-23,TN01,repeated,17,159,8,6
TRPSUR2508236fdaf6bf,2025-08-23,GJ01,repeated,12,115,7,7
TRPJAI25082349283859,2025-08-23,RJ01,new,18,253,8,8
TRPVIS25082375a19e11,2025-08-23,AP01,repeated,33,324,8,8
TRPCOI250823502773bd,2025-08-23,TN01,repeated,10,103,3,4
TRPJAI250823bcf6a5c6,2025-08-23,RJ01,repeated,17,241,8,10
TRPLUC2508231b5f7313,2025-08-23,UP01,repeated,11,125,5,8
TRPIND2508238c304ef3,2025-08-23,MP01,new,22,199,7,9
TRPIND250823cfbc4431,2025-08-23,MP01,new,11,111,9,8
TRPCHA2508232d0a1fb0,2025-08-23,CH01,new,21,215,7,7
TRPLUC250823637b1bd1,2025-08-23,UP01,repeated,17,179,7,8
TRPLUC25082342073f81,2025-08-23,UP01,new,5,71,8,8
TRPLUC2508232bb35b96,2025-08-23,UP01,repeated,5,71,6,7
TRPKOC2508239994ca2f,2025-08-23,KL01,repeated,33,394,9,9
TRPCHA250823e507d311,2025-08-23,CH01,repeated,23,233,9,8
TRPJAI250823908e74b4,2025-08-23,RJ01,new,45,577,8,10
TRPLUC250823abbdc2f8,2025-08-23,UP01,repeated,6,80,6,7
TRPKOC250823ef25c244,2025-08-23,KL01,new,28,339,9,10
TRPCHA25082330b10518,2025-08-23,CH01,new,35,341,7,9
TRPLUC2508234cff4990,2025-08-23,UP01,new,13,143,8,6
TRPLUC25082391629d60,2025-08-23,UP01,repeated,8,98,7,8
TRPJAI250823055668ef,2025-08-23,RJ01,new,17,241,8,10
TRPVAD25082307816e2e,2025-08-23,GJ02,repeated,12,114,5,7
TRPSUR2508234729137a,2025-08-23,GJ01,repeated,6,67,6,7
TRPJAI2508234cf7bdb9,2025-08-23,RJ01,repeated,39,505,9,9
TRPIND250823f41e41df,2025-08-23,MP01,repeated,9,95,9,8
TRPKOC2508238de47cc4,2025-08-23,KL01,new,12,163,10,8
TRPJAI250823ac77d502,2025-08-23,RJ01,new,24,325,10,10
TRPJAI2508234fd05e24,2025-08-23,RJ01,repeated,20,277,8,9
TRPJAI250823040ddbdc,2025-08-23,RJ01,new,27,361,10,10
TRPIND2508237c83fb97,2025-08-23,MP01,repeated,19,175,6,6
TRPVIS2508236133b590,2025-08-23,AP01,new,27,270,9,8
TRPKOC250823d7d183b9,2025-08-23,KL01,new,29,350,10,8
TRPIND2508231e861f2a,2025-08-23,MP01,repeated,20,183,7,7
TRPKOC2508237b16c745,2025-08-23,KL01,repeated,28,339,7,10
TRPSUR250823a817ed12,2025-08-23,GJ01,repeated,6,67,6,8
TRPJAI250823b50d19df,2025-08-23,RJ01,new,45,577,10,9
TRPIND2508231660931d,2025-08-23,MP01,repeated,8,87,7,9
TRPVIS250823c795b288,2025-08-23,AP01,repeated,15,162,8,10
TRPKOC250823dea65375,2025-08-23,KL01,repeated,32,383,9,8
TRPLUC250823182b0965,2025-08-23,UP01,repeated,14,152,5,7
TRPLUC250823a15c35a2,2025-08-23,UP01,repeated,7,89,7,7
TRPVAD2508239c214e00,2025-08-23,GJ02,repeated,9,90,6,8
TRPSUR2508230fe8d4d4,2025-08-23,GJ01,new,13,123,7,6
TRPJAI25082347cceb63,2025-08-23,RJ01,new,30,397,8,9
TRPKOC250823b2158f15,2025-08-23,KL01,new,33,394,9,10
TRPVAD250823e3b691cd,2025-08-23,GJ02,new,16,146,7,7
TRPIND2508230876d96e,2025-08-23,MP01,new,9,95,8,7
TRPJAI2508231e94cf27,2025-08-23,RJ01,new,23,313,9,8
TRPIND250823cb791bb7,2025-08-23,MP01,repeated,20,183,7,9
TRPSUR25082385e3079b,2025-08-23,GJ01,repeated,6,67,5,7
TRPMYS2508234f733f72,2025-08-23,KA01,new,13,165,10,8
TRPLUC250823563aa58d,2025-08-23,UP01,repeated,11,125,7,8
TRPLUC2508230f3ddad9,2025-08-23,UP01,new,6,80,8,6
TRPKOC250823a965b901,2025-08-23,KL01,new,23,284,9,8
TRPKOC250823a5ba0f2d,2025-08-23,KL01,repeated,17,218,9,8
TRPJAI250823e87edee2,2025-08-23,RJ01,new,32,421,9,9
TRPCHA250823a89b794b,2025-08-23,CH01,new,34,332,7,9
TRPSUR250823dfe725d1,2025-08-23,GJ01,repeated,10,99,6,5
TRPLUC250823b0616167,2025-08-23,UP01,repeated,16,170,5,6
TRPCHA250823163c806d,2025-08-23,CH01,repeated,32,314,7,9
TRPCOI250823854391c9,2025-08-23,TN01,new,9,95,10,7
TRPIND250823add07174,2025-08-23,MP01,new,18,167,8,7
TRPLUC2508235983f5fb,2025-08-23,UP01,repeated,11,125,6,7
TRPVAD250823da3ade45,2025-08-23,GJ02,repeated,16,146,5,8
TRPLUC2508237d1cf250,2025-08-23,UP01,new,19,197,8,6
TRPLUC2508235764c433,2025-08-23,UP01,repeated,16,170,5,6
TRPLUC250823c3691330,2025-08-23,UP01,repeated,9,107,7,8
TRPSUR2508230737e09b,2025-08-23,GJ01,repeated,17,155,5,6
TRPSUR250823d72f05d9,2025-08-23,GJ01,repeated,5,59,6,7
TRPKOC250823c8b7ae06,2025-08-23,KL01,repeated,12,163,7,10
TRPKOC250823c0bae322,2025-08-23,KL01,repeated,11,152,9,9
TRPJAI2508237363aaff,2025-08-23,RJ01,new,38,493,10,8
TRPJAI2508237979bf46,2025-08-23,RJ01,new,23,313,10,9
TRPVAD25082375b8b8e3,2025-08-23,GJ02,new,13,122,9,8
TRPCOI250823ecf5c548,2025-08-23,TN01,new,16,151,10,9
TRPVAD250823367a432d,2025-08-23,GJ02,new,14,130,9,6
TRPLUC25082306d67a97,2025-08-23,UP01,repeated,15,161,5,8
TRPVAD2508239d49a0e3,2025-08-23,GJ02,repeated,14,130,6,6
TRPJAI250823a5aa1d95,2025-08-23,RJ01,repeated,25,337,8,8
TRPLUC25082302a4040a,2025-08-23,UP01,repeated,13,143,7,8
TRPKOC250823f146e13b,2025-08-23,KL01,repeated,31,372,8,8
TRPMYS250823dde2585b,2025-08-23,KA01,repeated,14,175,8,8
TRPSUR250823488c251a,2025-08-23,GJ01,repeated,10,99,7,5
TRPSUR2508237f6c90e1,2025-08-23,GJ01,repeated,14,131,5,8
TRPSUR250823696ecda7,2025-08-23,GJ01,repeated,8,83,5,7
TRPKOC2508238f7cc130,2025-08-23,KL01,repeated,28,339,8,8
TRPSUR250823c0f79b5b,2025-08-23,GJ01,repeated,17,155,5,5
TRPJAI250823dae69d05,2025-08-23,RJ01,new,39,505,9,8
TRPSUR2508230140133e,2025-08-23,GJ01,repeated,16,147,5,6
TRPVAD250823340938dd,2025-08-23,GJ02,repeated,17,154,6,7
TRPLUC250823278ff518,2025-08-23,UP01,repeated,8,98,7,7
TRPLUC250823a1d56a87,2025-08-23,UP01,repeated,5,71,5,5
TRPVIS250823f6480db9,2025-08-23,AP01,new,21,216,10,10
TRPLUC250823f25a9e9a,2025-08-23,UP01,new,10,116,8,6
TRPSUR2508230b90eebc,2025-08-23,GJ01,repeated,12,115,7,7
TRPLUC250823f35e2437,2025-08-23,UP01,new,15,161,7,8
TRPVIS250823a7309040,2025-08-23,AP01,new,25,252,9,9
TRPLUC250823d20f2474,2025-08-23,UP01,new,16,170,7,6
TRPSUR250823b60fa682,2025-08-23,GJ01,repeated,14,131,7,5
TRPLUC250823013dd90a,2025-08-23,UP01,repeated,7,89,5,7
TRPLUC2508231f6698b6,2025-08-23,UP01,repeated,14,152,7,7
TRPSUR250823581f7276,2025-08-23,GJ01,repeated,17,155,7,5
TRPKOC2508233efa36dd,2025-08-23,KL01,repeated,36,427,8,10
TRPIND2508238027a725,2025-08-23,MP01,new,23,207,8,7
TRPLUC2508235cb36ae9,2025-08-23,UP01,repeated,13,143,5,8
TRPSUR250823a00fcbd6,2025-08-23,GJ01,new,8,83,7,8
TRPSUR2508235f8dd5f5,2025-08-23,GJ01,repeated,9,91,6,7
TRPIND250823c2533d72,2025-08-23,MP01,repeated,12,119,7,8
TRPIND25082345577705,2025-08-23,MP01,repeated,14,135,7,9
TRPIND25082335c0163b,2025-08-23,MP01,repeated,15,143,8,8
TRPLUC2508235b7c9541,2025-08-23,UP01,repeated,18,188,5,8
TRPJAI2508238503ed68,2025-08-23,RJ01,repeated,39,505,7,9
TRPJAI250823de3c4e90,2025-08-23,RJ01,repeated,28,373,9,8
TRPLUC2508237bb88a40,2025-08-23,UP01,repeated,20,206,6,8
TRPJAI2508239cf38fcc,2025-08-23,RJ01,new,24,325,8,9
TRPSUR250823ce149953,2025-08-23,GJ01,repeated,5,59,5,7
TRPLUC250823c01674d5,2025-08-23,UP01,new,8,98,9,8
TRPLUC250823c8f6ed39,2025-08-23,UP01,repeated,16,170,5,5
TRPVAD250823a683ccde,2025-08-23,GJ02,repeated,5,58,7,7
TRPLUC250823b35ff5f3,2025-08-23,UP01,repeated,11,125,7,8
TRPKOC250823e5a2df52,2025-08-23,KL01,repeated,10,141,8,9
TRPVIS2508236387bc20,2025-08-23,AP01,new,19,198,9,9
TRPIND2508234b80c20e,2025-08-23,MP01,repeated,21,191,9,9
TRPIND2508234a6907cf,2025-08-23,MP01,new,22,199,7,7
TRPLUC2508234a598b02,2025-08-23,UP01,repeated,8,98,5,5
TRPVIS25082357e0ffac,2025-08-23,AP01,repeated,32,315,9,9
TRPVIS2508230ac3d0f6,2025-08-23,AP01,repeated,17,180,7,9
TRPIND2508232b066924,2025-08-23,MP01,repeated,15,143,9,9
TRPJAI250823287c9dfa,2025-08-23,RJ01,repeated,40,517,7,8
TRPKOC250823e6275820,2025-08-23,KL01,repeated,30,361,9,10
TRPCHA2508231c0ffeb5,2025-08-23,CH01,new,12,134,10,7
TRPIND250823e1ee3fb5,2025-08-23,MP01,repeated,19,175,8,6
TRPMYS2508238d399890,2025-08-23,KA01,new,14,175,9,9
TRPJAI2508239091c535,2025-08-23,RJ01,new,31,409,10,10
TRPVAD250823fe01d691,2025-08-23,GJ02,new,9,90,8,8
TRPSUR2508235fb0c9c2,2025-08-23,GJ01,repeated,13,123,7,7
TRPKOC250823058d3e13,2025-08-23,KL01,new,29,350,9,9
TRPKOC25082379218f88,2025-08-23,KL01,new,35,416,9,9
TRPSUR25082358da2b1e,2025-08-23,GJ01,repeated,13,123,6,5
TRPCOI250823761d4839,2025-08-23,TN01,repeated,8,87,8,9
TRPVIS2508237137ebbe,2025-08-23,AP01,new,14,153,8,10
TRPVIS250823538fcb96,2025-08-23,AP01,new,34,333,10,9
TRPLUC2508233fa65d7f,2025-08-23,UP01,repeated,14,152,7,6
TRPVIS2508232e3336f3,2025-08-23,AP01,repeated,31,306,7,9
TRPLUC2508231e059ee0,2025-08-23,UP01,repeated,7,89,6,8
TRPCHA250823e872d6a5,2025-08-23,CH01,repeated,32,314,8,6
TRPVIS250823211920b0,2025-08-23,AP01,repeated,10,117,8,9
TRPIND250823dbd17fa0,2025-08-23,MP01,repeated,24,215,9,9
TRPMYS250823c2c8b77b,2025-08-23,KA01,repeated,12,155,8,10
TRPKOC250823fef0c4d4,2025-08-23,KL01,repeated,16,207,7,10
TRPVAD2508237f5995df,2025-08-23,GJ02,repeated,9,90,5,6
TRPKOC250823bc7efdb7,2025-08-23,KL01,new,20,251,10,8
TRPLUC25082338ed972d,2025-08-23,UP01,repeated,10,116,5,6
TRPIND250823725a9bd1,2025-08-23,MP01,repeated,20,183,6,6
TRPJAI250823b9846bd8,2025-08-23,RJ01,new,18,253,8,10
TRPCHA250823ec3e2d77,2025-08-23,CH01,new,15,161,9,7
TRPVIS2508234aebd46c,2025-08-23,AP01,new,11,126,8,8
TRPLUC2508234192cfa0,2025-08-23,UP01,repeated,17,179,7,8
TRPVAD2508231f93e5d1,2025-08-23,GJ02,new,7,74,9,6
TRPCHA250823c19882bb,2025-08-23,CH01,new,12,134,9,9
TRPLUC2508231700ae0b,2025-08-23,UP01,repeated,10,116,6,8
TRPJAI250823652fc304,2025-08-23,RJ01,new,37,481,8,9
TRPJAI250823e76e1b1c,2025-08-23,RJ01,new,21,289,8,10
TRPJAI2508233c8d593c,2025-08-23,RJ01,new,36,469,9,10
TRPSUR2508236b38cb67,2025-08-23,GJ01,repeated,6,67,7,7
TRPVIS25082354f7a8af,2025-08-23,AP01,repeated,16,171,7,10
TRPJAI250823b3e94958,2025-08-23,RJ01,repeated,41,529,8,8
TRPLUC250823de3b015a,2025-08-23,UP01,new,11,125,8,8
TRPJAI25082331041cb5,2025-08-23,RJ01,new,37,481,8,10
TRPIND2508237a0f0bc8,2025-08-23,MP01,new,12,119,7,7
TRPLUC250823ef004c7d,2025-08-23,UP01,new,19,197,8,7
TRPKOC250823286f6427,2025-08-23,KL01,repeated,27,328,9,8
TRPJAI25082361e63f35,2025-08-23,RJ01,new,24,325,8,10
TRPJAI250823f86c3a18,2025-08-23,RJ01,new,15,217,10,8
TRPJAI25082305555cbe,2025-08-23,RJ01,repeated,43,553,9,9
TRPKOC250823aab9f2a9,2025-08-23,KL01,repeated,23,284,8,8
TRPLUC2508235fc53ed5,2025-08-23,UP01,repeated,10,116,6,8
TRPLUC25082328e48be1,2025-08-23,UP01,repeated,10,116,5,8
TRPJAI250823474599dc,2025-08-23,RJ01,repeated,24,325,9,9
TRPCHA2508236228de84,2025-08-23,CH01,new,31,305,8,7
TRPSUR2508232d6c225e,2025-08-23,GJ01,repeated,17,155,7,7
TRPCOI2508236bb16da5,2025-08-23,TN01,repeated,10,103,8,9
TRPSUR250823abb05408,2025-08-23,GJ01,repeated,7,75,5,6
TRPLUC2508234f93f672,2025-08-23,UP01,new,10,116,7,6
TRPVIS25082388639d63,2025-08-23,AP01,new,33,324,10,10
TRPJAI250823ec7f73e8,2025-08-23,RJ01,repeated,15,217,7,9
TRPKOC250823c38e8b16,2025-08-23,KL01,repeated,15,196,8,9
TRPJAI250823ee63ad1b,2025-08-23,RJ01,new,20,277,9,10
TRPLUC250823dd173f37,2025-08-23,UP01,new,12,134,7,6
TRPJAI250823a0d2c8e4,2025-08-23,RJ01,repeated,20,277,8,9
TRPLUC250823a6016e4c,2025-08-23,UP01,new,18,188,7,7
TRPJAI2508233be0ba03,2025-08-23,RJ01,new,32,421,9,8
TRPVAD2508237dde02bb,2025-08-23,GJ02,repeated,5,58,6,5
TRPLUC250823eaa63ef4,2025-08-23,UP01,repeated,10,116,6,5
TRPLUC250823b8e60ce6,2025-08-23,UP01,repeated,17,179,6,6
TRPSUR250823789872ac,2025-08-23,GJ01,repeated,7,75,6,7
TRPCOI2508233e23bdcf,2025-08-23,TN01,repeated,8,87,6,6
TRPIND2508238224c324,2025-08-23,MP01,new,20,183,7,8
TRPLUC250823c8003306,2025-08-23,UP01,repeated,15,161,5,5
TRPLUC2508234bd3fdee,2025-08-23,UP01,repeated,13,143,7,6
TRPCOI25082310385cb5,2025-08-23,TN01,repeated,18,167,7,9
TRPLUC25082362252cac,2025-08-23,UP01,repeated,6,80,7,7
TRPIND2508233b696a5b,2025-08-23,MP01,repeated,14,135,7,8
TRPCOI250823343efc5e,2025-08-23,TN01,repeated,12,119,9,6
TRPMYS250823aab97aed,2025-08-23,KA01,new,11,145,9,9
TRPSUR250823392cac6d,2025-08-23,GJ01,repeated,10,99,5,6
TRPCHA2508231c852f10,2025-08-23,CH01,new,33,323,10,9
TRPSUR2508238b53b7d9,2025-08-23,GJ01,repeated,15,139,5,5
TRPSUR250823698b34cc,2025-08-23,GJ01,repeated,17,155,7,5
TRPMYS250823f139deb9,2025-08-23,KA01,new,25,285,8,9
TRPKOC250823fdb797f6,2025-08-23,KL01,new,35,416,9,10
TRPSUR25082331084d90,2025-08-23,GJ01,new,7,75,9,8
TRPVIS250823efa5b59e,2025-08-23,AP01,repeated,12,135,9,9
TRPVAD25082369156a24,2025-08-23,GJ02,repeated,14,130,7,7
TRPLUC2508235426d090,2025-08-23,UP01,repeated,5,71,7,5
TRPJAI25082386ab2f1e,2025-08-23,RJ01,new,39,505,10,8
TRPSUR2508233eda7e44,2025-08-23,GJ01,repeated,6,67,5,8
TRPCOI2508233450d7e2,2025-08-23,TN01,new,20,183,8,9
TRPIND250823fa244ab7,2025-08-23,MP01,new,21,191,8,9
TRPMYS2508232f97483e,2025-08-23,KA01,repeated,12,155,9,9
TRPLUC25082336adec43,2025-08-23,UP01,new,19,197,7,6
TRPCOI250823dc33a5d0,2025-08-23,TN01,repeated,16,151,6,8
TRPIND2508237e2a3199,2025-08-23,MP01,repeated,14,135,7,9
TRPLUC250823f3c9cdc3,2025-08-23,UP01,repeated,8,98,6,8
TRPCOI250823ac2066e5,2025-08-23,TN01,new,11,111,10,9
TRPLUC250823cf7ed305,2025-08-23,UP01,repeated,9,107,7,8
TRPIND2508237dd1872d,2025-08-23,MP01,repeated,20,183,9,8
TRPLUC250823dcd2334c,2025-08-23,UP01,new,6,80,9,8
TRPSUR250823c2cc85ea,2025-08-23,GJ01,repeated,15,139,5,7
TRPLUC2508236daac5a8,2025-08-23,UP01,repeated,13,143,6,7
TRPLUC250823f789d4eb,2025-08-23,UP01,repeated,18,188,6,6
TRPIND2508233319a250,2025-08-23,MP01,repeated,23,207,6,9
TRPCHA250823692f75c5,2025-08-23,CH01,repeated,28,278,6,9
TRPJAI2508239e133425,2025-08-23,RJ01,repeated,19,265,8,9
TRPSUR2508232e239cb7,2025-08-23,GJ01,repeated,17,155,5,5
TRPLUC2508230e495b54,2025-08-23,UP01,repeated,8,98,6,8
TRPSUR250823b6f8cda1,2025-08-23,GJ01,repeated,17,155,6,8
TRPKOC250823e473a77b,2025-08-23,KL01,new,17,218,8,10
TRPLUC2508231529c361,2025-08-23,UP01,repeated,6,80,6,7
TRPJAI25082306077597,2025-08-23,RJ01,repeated,41,529,7,8
TRPJAI250823351bf365,2025-08-23,RJ01,new,27,361,10,9
TRPVIS25082322b5ab93,2025-08-23,AP01,repeated,14,153,7,9
TRPLUC2508231b03892a,2025-08-23,UP01,repeated,11,125,6,7
TRPLUC25082320d43156,2025-08-23,UP01,new,11,125,7,7
TRPJAI250823ccd46c6b,2025-08-23,RJ01,new,32,421,8,10
TRPLUC25082304e5c6d9,2025-08-23,UP01,new,16,170,8,6
TRPSUR25082300648080,2025-08-23,GJ01,repeated,7,75,7,5
TRPSUR250823bc2c0609,2025-08-23,GJ01,new,11,107,9,7
TRPLUC2508234a75db22,2025-08-23,UP01,repeated,15,161,7,8
TRPKOC2508230e820e98,2025-08-23,KL01,new,28,339,8,9
TRPLUC250823cbffb081,2025-08-23,UP01,new,5,71,7,7
TRPJAI2508239b0fac7b,2025-08-23,RJ01,new,38,493,9,8
TRPLUC25082364f98e85,2025-08-23,UP01,repeated,6,80,7,7
TRPVAD2508230c68d065,2025-08-23,GJ02,new,7,74,9,8
TRPJAI2508231b627a3b,2025-08-23,RJ01,new,41,529,10,8
TRPLUC250823911fdfe7,2025-08-23,UP01,repeated,18,188,6,5
TRPJAI250823356111d0,2025-08-23,RJ01,repeated,44,565,7,8
TRPIND2508232bded608,2025-08-23,MP01,repeated,10,103,6,9
TRPJAI25082331d05b81,2025-08-23,RJ01,new,22,301,9,8
TRPLUC25082309c8f04b,2025-08-23,UP01,repeated,5,71,5,8
TRPLUC250823c14d90fb,2025-08-23,UP01,repeated,17,179,7,7
TRPCOI250823fd0a3608,2025-08-23,TN01,repeated,13,127,7,9
TRPVAD250823cd961ec3,2025-08-23,GJ02,repeated,5,58,7,5
TRPJAI250823fd47c77b,2025-08-23,RJ01,repeated,34,445,8,8
TRPVIS25082326663965,2025-08-23,AP01,repeated,34,333,8,8
TRPCHA250823104f290e,2025-08-23,CH01,new,22,224,7,7
TRPSUR250823febd7015,2025-08-23,GJ01,new,12,115,8,6
TRPSUR250823b719cd0f,2025-08-23,GJ01,repeated,11,107,7,8
TRPKOC250823b432fff9,2025-08-23,KL01,repeated,19,240,9,8
TRPJAI25082308a434b6,2025-08-23,RJ01,repeated,32,421,9,10
TRPMYS25082319cace4d,2025-08-23,KA01,new,16,195,8,10
TRPLUC250823c92771c5,2025-08-23,UP01,repeated,19,197,6,6
TRPLUC25082372b02d1c,2025-08-23,UP01,new,9,107,8,7
TRPJAI25082372f9945e,2025-08-23,RJ01,repeated,17,241,9,9
TRPMYS2508235be07d59,2025-08-23,KA01,new,15,185,10,8
TRPMYS250823e786ec94,2025-08-23,KA01,repeated,17,205,8,9
TRPLUC250823f3f2473f,2025-08-23,UP01,repeated,19,197,7,6
TRPJAI2508234243a1c3,2025-08-23,RJ01,new,23,313,8,8
TRPVIS250823ceada159,2025-08-23,AP01,repeated,19,198,9,10
TRPCHA25082390f80298,2025-08-23,CH01,new,29,287,10,9
TRPJAI25082337bb2a1b,2025-08-23,RJ01,new,27,361,10,9
TRPLUC25082394e9f3d9,2025-08-23,UP01,repeated,20,206,6,5
TRPKOC2508232c26c622,2025-08-23,KL01,new,36,427,8,10
TRPLUC250823a8cc5ae8,2025-08-23,UP01,repeated,7,89,7,8
TRPCHA250823f6d023fa,2025-08-23,CH01,repeated,25,251,6,8
TRPLUC250823c6c571ef,2025-08-23,UP01,repeated,6,80,5,5
TRPLUC250823e08f1f54,2025-08-23,UP01,repeated,12,134,7,5
TRPLUC250823fce071d2,2025-08-23,UP01,repeated,14,152,7,8
TRPVAD250823c01b7bfe,2025-08-23,GJ02,new,8,82,7,8
TRPVAD25082354e18a69,2025-08-23,GJ02,repeated,13,122,6,6
TRPVAD250823d267f129,2025-08-23,GJ02,repeated,12,114,7,7
TRPLUC250823268c7638,2025-08-23,UP01,new,20,206,7,6
TRPKOC2508236b3b02a7,2025-08-23,KL01,repeated,37,438,7,9
TRPVAD2508230963db25,2025-08-23,GJ02,repeated,8,82,7,6
TRPLUC25082371aaeb77,2025-08-23,UP01,repeated,8,98,6,5
TRPLUC2508238c8cd6f9,2025-08-23,UP01,new,7,89,8,7
TRPCHA250823b0ea3ae1,2025-08-23,CH01,repeated,17,179,7,8
TRPVIS2508237fcb50fd,2025-08-23,AP01,new,13,144,9,9
TRPLUC250823c5cc1d51,2025-08-23,UP01,new,11,125,8,8
TRPSUR2508232ef74480,2025-08-23,GJ01,repeated,17,155,5,5
TRPJAI2508230346ff7b,2025-08-23,RJ01,new,26,349,10,9
TRPLUC250823d08ea43a,2025-08-23,UP01,repeated,8,98,7,6
TRPLUC2508239dabb357,2025-08-23,UP01,repeated,5,71,5,5
TRPLUC2508237489d71f,2025-08-23,UP01,repeated,13,143,6,7
TRPIND2508239a5aca37,2025-08-23,MP01,new,8,87,9,8
TRPJAI250823acad5d8b,2025-08-23,RJ01,new,21,289,8,9
TRPSUR25082399fe080c,2025-08-23,GJ01,repeated,14,131,6,8
TRPCOI250823501e9aaf,2025-08-23,TN01,repeated,14,135,9,6
TRPKOC25082314e3313a,2025-08-23,KL01,new,13,174,9,8
TRPIND250823dc00af89,2025-08-23,MP01,repeated,12,119,7,7
TRPLUC250823f7728f8f,2025-08-23,UP01,repeated,14,152,6,6
TRPVAD25082313ec4e7f,2025-08-23,GJ02,repeated,12,114,5,5
TRPSUR250823b28d9b26,2025-08-23,GJ01,repeated,13,123,7,5
TRPJAI250823245f5288,2025-08-23,RJ01,new,45,577,9,9
TRPVIS25082391a8cf9a,2025-08-23,AP01,repeated,34,333,8,10
TRPMYS250823bbec2d73,2025-08-23,KA01,repeated,15,185,7,8
TRPLUC25082362f0d163,2025-08-23,UP01,repeated,18,188,5,8
TRPCHA250823374358f6,2025-08-23,CH01,repeated,14,152,7,9
TRPSUR250823115fd170,2025-08-23,GJ01,repeated,15,139,5,8
TRPJAI250823ee14a51a,2025-08-23,RJ01,repeated,23,313,8,8
TRPJAI2508231f814962,2025-08-23,RJ01,new,23,313,10,9
TRPSUR25082367dac1d1,2025-08-23,GJ01,repeated,5,59,7,8
TRPJAI25082349d0ead5,2025-08-23,RJ01,new,34,445,9,10
TRPIND25082345dffe4f,2025-08-23,MP01,new,14,135,9,7
TRPLUC2508236b94f42b,2025-08-23,UP01,repeated,10,116,7,7
TRPJAI250823591d630b,2025-08-23,RJ01,new,26,349,8,10
TRPSUR250823e7de9fc6,2025-08-23,GJ01,repeated,17,155,7,8
TRPCHA2508236a590926,2025-08-23,CH01,new,14,152,8,7
TRPSUR25082346db029e,2025-08-23,GJ01,repeated,7,75,6,8
TRPJAI25082332579799,2025-08-23,RJ01,new,24,325,9,10
TRPVAD250823464f5442,2025-08-23,GJ02,repeated,5,58,7,6
TRPLUC25082341eedf33,2025-08-23,UP01,repeated,13,143,5,8
TRPJAI25082385c42001,2025-08-23,RJ01,new,36,469,9,9
TRPJAI250823f8ecbaaa,2025-08-23,RJ01,new,42,541,9,10
TRPLUC2508232a23c23c,2025-08-23,UP01,new,9,107,7,8
TRPKOC25082340563cd8,2025-08-23,KL01,repeated,38,449,9,8
TRPVAD25082391895ec6,2025-08-23,GJ02,repeated,18,162,7,7
TRPLUC250823c3c3b51b,2025-08-23,UP01,repeated,18,188,7,8
TRPSUR250823c5feeed7,2025-08-23,GJ01,repeated,14,131,5,5
TRPJAI2508238b310278,2025-08-23,RJ01,repeated,38,493,7,10
TRPJAI250823983f17e3,2025-08-23,RJ01,new,40,517,9,9
TRPCOI2508233b65578b,2025-08-23,TN01,new,22,199,7,9
TRPLUC250823a4efbcdd,2025-08-23,UP01,repeated,15,161,6,5
TRPJAI250823fad0ae1d,2025-08-23,RJ01,repeated,44,565,8,9
TRPIND2508237843c879,2025-08-23,MP01,new,17,159,10,8
TRPMYS25082394b44605,2025-08-23,KA01,repeated,17,205,8,9
TRPJAI2508237a95293e,2025-08-23,RJ01,repeated,31,409,7,9
TRPCHA250823b6c278eb,2025-08-23,CH01,repeated,21,215,9,6
TRPSUR250823b699a410,2025-08-23,GJ01,repeated,5,59,5,6
TRPLUC250823f1d27794,2025-08-23,UP01,repeated,8,98,6,6
TRPLUC25082365392ba6,2025-08-23,UP01,repeated,9,107,5,8
TRPLUC250823814e8f1c,2025-08-23,UP01,repeated,13,143,5,7
TRPMYS250823b96285d4,2025-08-23,KA01,repeated,16,195,9,10
TRPJAI250823c3a4d15f,2025-08-23,RJ01,new,17,241,9,9
TRPSUR2508232bdcd050,2025-08-23,GJ01,repeated,8,83,6,5
TRPJAI25082373824180,2025-08-23,RJ01,new,24,325,8,10
TRPJAI25082376f783da,2025-08-23,RJ01,repeated,27,361,9,10
TRPIND250823daef5f54,2025-08-23,MP01,repeated,10,103,7,9
TRPLUC25082321130dc9,2025-08-23,UP01,new,12,134,8,7
TRPCHA250823fda8f592,2025-08-23,CH01,repeated,27,269,8,9
TRPVIS250823fc2bc9cb,2025-08-23,AP01,repeated,27,270,9,10
TRPJAI25082371ed7ac7,2025-08-23,RJ01,repeated,28,373,7,10
TRPVAD2508235445a0fa,2025-08-23,GJ02,new,16,146,7,8
TRPCHA250823b013586f,2025-08-23,CH01,repeated,27,269,7,8
TRPCHA2508234ff5eca2,2025-08-23,CH01,repeated,34,332,8,6
TRPSUR250823c40753b3,2025-08-23,GJ01,repeated,5,59,5,7
TRPKOC250823810c66ea,2025-08-23,KL01,new,28,339,10,8
TRPIND250823970b5f8d,2025-08-23,MP01,repeated,14,135,9,7
TRPSUR250823b28f4d14,2025-08-23,GJ01,repeated,16,147,7,6
TRPSUR250823c2982306,2025-08-23,GJ01,repeated,7,75,6,6
TRPJAI25082398bc8a18,2025-08-23,RJ01,new,18,253,8,8
TRPSUR2508236bf02a48,2025-08-23,GJ01,repeated,5,59,5,7
TRPLUC25082371820193,2025-08-23,UP01,repeated,16,170,6,7
TRPVAD25082325430935,2025-08-23,GJ02,repeated,9,90,7,5
TRPVIS25082303f7e6e1,2025-08-23,AP01,repeated,11,126,9,9
TRPKOC2508234cae3263,2025-08-23,KL01,new,21,262,10,8
TRPVIS2508233fcca6d1,2025-08-23,AP01,repeated,20,207,9,9
TRPVAD2508237f71e0a5,2025-08-23,GJ02,repeated,13,122,6,8
TRPSUR250823180bcf3d,2025-08-23,GJ01,repeated,14,131,6,8
TRPIND2508231b095485,2025-08-23,MP01,new,20,183,9,8
TRPKOC250823d00a179e,2025-08-23,KL01,repeated,10,141,7,8
TRPKOC2508232a6d46f5,2025-08-23,KL01,repeated,14,185,9,10
TRPJAI2508234c41059e,2025-08-23,RJ01,new,26,349,9,10
TRPSUR250823f5a066b8,2025-08-23,GJ01,new,6,67,8,8
TRPLUC25082308986322,2025-08-23,UP01,new,5,71,9,6
TRPMYS250823bf6f7ed5,2025-08-23,KA01,new,14,175,8,9
TRPKOC250823e2b82c58,2025-08-23,KL01,new,35,416,8,9
TRPKOC2508237f1a79f5,2025-08-23,KL01,repeated,15,196,8,9
TRPSUR2508238d4245d9,2025-08-23,GJ01,repeated,17,155,6,6
TRPLUC250823e8354fef,2025-08-23,UP01,repeated,9,107,7,8
TRPCOI250823bc3c6b27,2025-08-23,TN01,repeated,11,111,9,8
TRPMYS2508235692acb6,2025-08-23,KA01,repeated,24,275,7,8
TRPLUC250823fc762524,2025-08-23,UP01,repeated,17,179,5,5
TRPLUC2508235dc1ec84,2025-08-23,UP01,new,14,152,9,8
TRPLUC250823d7b67041,2025-08-23,UP01,repeated,18,188,7,8
TRPVAD25082344a0a070,2025-08-23,GJ02,new,15,138,9,6
TRPSUR25082379106029,2025-08-23,GJ01,repeated,7,75,5,6
TRPJAI25082383ba36cb,2025-08-23,RJ01,new,32,421,10,8
TRPKOC250823c649046f,2025-08-23,KL01,new,29,350,10,8
TRPJAI250823d5688e9a,2025-08-23,RJ01,repeated,17,241,9,9
TRPLUC2508230e87b108,2025-08-23,UP01,repeated,7,89,7,5
TRPSUR2508232e72b551,2025-08-23,GJ01,repeated,5,59,6,8
TRPVAD250823bd45f9a2,2025-08-23,GJ02,repeated,13,122,7,7
TRPJAI2508230fc3f13d,2025-08-23,RJ01,new,36,469,8,9
TRPLUC250823d01b227c,2025-08-23,UP01,new,6,80,9,8
TRPLUC250823f1b0f4bb,2025-08-23,UP01,repeated,7,89,7,5
TRPJAI2508231674008d,2025-08-23,RJ01,repeated,26,349,9,9
TRPCHA250823a835b240,2025-08-23,CH01,repeated,18,188,6,6
TRPJAI250823f65c86ec,2025-08-23,RJ01,repeated,17,241,9,8
TRPJAI250823500260d0,2025-08-23,RJ01,repeated,40,517,7,9
TRPIND25082347b7c1dd,2025-08-23,MP01,new,20,183,7,8
TRPLUC2508239288c19f,2025-08-23,UP01,repeated,11,125,5,7
TRPJAI2508239e4fb28e,2025-08-23,RJ01,new,22,301,9,8
TRPCHA25082357f12c91,2025-08-23,CH01,repeated,13,143,6,7
TRPSUR250823acc2ae12,2025-08-23,GJ01,new,5,59,8,7
TRPLUC250823042dce59,2025-08-23,UP01,repeated,13,143,5,7
TRPJAI2508236e6b1994,2025-08-23,RJ01,new,15,217,10,9
TRPLUC250823820ad6ec,2025-08-23,UP01,new,8,98,7,8
TRPLUC25082382fe08cc,2025-08-23,UP01,repeated,19,197,7,8
TRPMYS25082312ea6e37,2025-08-23,KA01,repeated,17,205,9,9
TRPMYS250823c02ff92c,2025-08-23,KA01,new,20,235,9,9
TRPJAI25082343042896,2025-08-23,RJ01,repeated,36,469,9,9
TRPKOC250823323916d1,2025-08-23,KL01,repeated,28,339,7,10
TRPLUC25082369d45a40,2025-08-23,UP01,repeated,5,71,5,8
TRPVAD250823e6e7b3b0,2025-08-23,GJ02,new,10,98,7,7
TRPIND250823115c735f,2025-08-23,MP01,repeated,19,175,9,6
TRPVAD250823810c3391,2025-08-23,GJ02,repeated,14,130,7,5
TRPJAI250823248bf9f3,2025-08-23,RJ01,repeated,31,409,8,10
TRPIND25082304f3879f,2025-08-23,MP01,new,8,87,9,7
TRPLUC25082384960e44,2025-08-23,UP01,repeated,19,197,7,8
TRPCHA25082367ae555f,2025-08-23,CH01,repeated,16,170,9,8
TRPLUC2508231e0e677d,2025-08-23,UP01,repeated,10,116,6,6
TRPJAI250823a52d9dab,2025-08-23,RJ01,repeated,25,337,7,8
TRPJAI250823aa6fd7ca,2025-08-23,RJ01,new,43,553,10,8
TRPJAI2508235d8eecc8,2025-08-23,RJ01,repeated,21,289,9,10
TRPCOI2508239353499c,2025-08-23,TN01,new,21,191,7,7
TRPJAI2508233c19b149,2025-08-23,RJ01,new,25,337,8,10
TRPSUR2508238464b135,2025-08-23,GJ01,new,9,91,7,7
TRPCHA250823b1960629,2025-08-23,CH01,new,26,260,8,9
TRPCOI25082398c12be5,2025-08-23,TN01,repeated,12,119,7,6
TRPSUR250823710556fd,2025-08-23,GJ01,repeated,7,75,6,8
TRPIND2508239a5a7507,2025-08-23,MP01,new,16,151,10,9
TRPJAI250823814a6fdb,2025-08-23,RJ01,new,41,529,9,8
TRPLUC2508230b75978b,2025-08-23,UP01,repeated,15,161,6,8
TRPVAD250823f2cc76de,2025-08-23,GJ02,repeated,12,114,7,7
TRPIND2508238a48811d,2025-08-23,MP01,repeated,9,95,7,9
TRPVAD2508238275c45c,2025-08-23,GJ02,repeated,10,98,6,5
TRPJAI2508238b251df0,2025-08-23,RJ01,new,20,277,10,10
TRPJAI2508237434b2c6,2025-08-23,RJ01,new,24,325,8,10
TRPCHA2508230d18ad72,2025-08-23,CH01,new,34,332,8,8
TRPCHA2508237f043927,2025-08-23,CH01,new,28,278,10,8
TRPLUC250823f4cab23f,2025-08-23,UP01,new,11,125,8,6
TRPVAD250823b897872e,2025-08-23,GJ02,new,12,114,7,6
TRPJAI2508238e39eb7b,2025-08-23,RJ01,repeated,36,469,9,9
TRPLUC25082363bb9cc1,2025-08-23,UP01,repeated,19,197,5,5
TRPCOI2508232ebff874,2025-08-23,TN01,repeated,18,167,8,6
TRPSUR2508236f0acc71,2025-08-23,GJ01,repeated,6,67,7,7
TRPJAI25082337687211,2025-08-23,RJ01,repeated,28,373,7,8
TRPIND250823048c1d11,2025-08-23,MP01,new,24,215,7,7
TRPLUC2508234b016fff,2025-08-23,UP01,repeated,14,152,6,6
TRPJAI250823298005ec,2025-08-23,RJ01,new,30,397,8,9
TRPLUC2508236cb52a8c,2025-08-23,UP01,repeated,19,197,5,6
TRPCHA2508236a1f7980,2025-08-23,CH01,new,12,134,9,8
TRPMYS2508234889d21c,2025-08-23,KA01,repeated,19,225,9,10
TRPJAI250823d7f03aaf,2025-08-23,RJ01,new,28,373,8,8
TRPJAI25082391c224af,2025-08-23,RJ01,repeated,45,577,9,10
TRPSUR25082376394529,2025-08-23,GJ01,new,13,123,9,7
TRPCOI25082333404d6f,2025-08-23,TN01,new,15,143,7,8
TRPCOI250823d4298b29,2025-08-23,TN01,new,21,191,10,9
TRPKOC25082320af071d,2025-08-23,KL01,repeated,31,372,8,8
TRPLUC250823250f8db0,2025-08-23,UP01,repeated,12,134,7,5
TRPSUR2508234bfb193a,2025-08-23,GJ01,repeated,12,115,5,5
TRPIND250823704bb415,2025-08-23,MP01,repeated,15,143,8,7
TRPKOC250823651ebd2e,2025-08-23,KL01,new,23,284,10,10
TRPIND250823963c7494,2025-08-23,MP01,new,14,135,9,7
TRPVIS250823e9b64716,2025-08-23,AP01,new,11,126,10,9
TRPSUR250823f9f174ab,2025-08-23,GJ01,repeated,12,115,6,8
TRPSUR250823305faf76,2025-08-23,GJ01,repeated,10,99,7,8
TRPSUR2508239f062437,2025-08-23,GJ01,repeated,8,83,6,7
TRPSUR250823febbc07f,2025-08-23,GJ01,repeated,17,155,5,8
TRPCHA250823d4983499,2025-08-23,CH01,repeated,14,152,9,9
TRPSUR25082395296a87,2025-08-23,GJ01,new,14,131,7,8
TRPLUC2508234fd0ab2a,2025-08-23,UP01,new,16,170,8,7
TRPVIS250823d8e0e85b,2025-08-23,AP01,repeated,10,117,9,8
TRPSUR250823b41230bb,2025-08-23,GJ01,new,5,59,9,7
TRPLUC250823340fbd0d,2025-08-23,UP01,repeated,5,71,7,8
TRPJAI2508230c201710,2025-08-23,RJ01,repeated,24,325,7,9
TRPJAI250823be0501b8,2025-08-23,RJ01,repeated,21,289,7,8
TRPVIS2508234d8a3524,2025-08-23,AP01,new,23,234,8,9
TRPLUC2508234a6bc3f3,2025-08-23,UP01,repeated,12,134,5,6
TRPSUR25082398f1359f,2025-08-23,GJ01,repeated,6,67,5,5
TRPVAD250823c662cb2a,2025-08-23,GJ02,new,12,114,9,8
TRPJAI2508235cb51b81,2025-08-23,RJ01,new,15,217,9,10
TRPIND250823ba119e04,2025-08-23,MP01,new,8,87,9,8
TRPCHA2508232d493ad8,2025-08-23,CH01,new,22,224,10,8
TRPLUC2508232a324b21,2025-08-23,UP01,repeated,17,179,7,8
TRPIND2508233a9ffee5,2025-08-23,MP01,repeated,16,151,9,9
TRPLUC250823aef03e0c,2025-08-23,UP01,repeated,6,80,6,7
TRPKOC250823fdc02c83,2025-08-23,KL01,new,21,262,10,9
TRPLUC250823a35c9f54,2025-08-23,UP01,repeated,5,71,6,7
TRPSUR250823702dabe5,2025-08-23,GJ01,repeated,14,131,5,8
TRPJAI250823d83e68ff,2025-08-23,RJ01,new,22,301,10,9
TRPKOC2508234624dd53,2025-08-23,KL01,new,33,394,10,10
TRPSUR250823d21cb7e2,2025-08-23,GJ01,repeated,11,107,7,8
TRPJAI250823fa10177b,2025-08-23,RJ01,repeated,26,349,7,10
TRPKOC25082352412cc5,2025-08-23,KL01,new,30,361,9,8
TRPCOI2508232bb81f84,2025-08-23,TN01,repeated,18,167,7,6
TRPJAI2508238db3f71b,2025-08-23,RJ01,repeated,44,565,8,8
TRPMYS2508236558c7f7,2025-08-23,KA01,repeated,25,285,9,9
TRPJAI25082313b3a092,2025-08-23,RJ01,repeated,43,553,8,10
TRPVAD25082307382637,2025-08-23,GJ02,new,8,82,8,7
TRPJAI250823ec7709ce,2025-08-23,RJ01,new,34,445,8,8
TRPLUC250823593d608d,2025-08-23,UP01,repeated,9,107,7,5
TRPLUC250823ff364662,2025-08-23,UP01,new,7,89,8,8
TRPLUC250823396f5b02,2025-08-23,UP01,new,5,71,9,6
TRPLUC250823c5c1d8ae,2025-08-23,UP01,repeated,10,116,5,7
TRPKOC250823c777ccee,2025-08-23,KL01,new,29,350,8,8
TRPCHA25082353d9a2f6,2025-08-23,CH01,repeated,30,296,8,6
TRPVAD25082345fcb360,2025-08-23,GJ02,new,5,58,7,7
TRPLUC250823950a639d,2025-08-23,UP01,repeated,14,152,5,5
TRPIND25082370aae95c,2025-08-23,MP01,new,21,191,9,7
TRPMYS25082324b5fe8b,2025-08-23,KA01,new,14,175,8,10
TRPVIS250823558c843c,2025-08-23,AP01,repeated,23,234,8,9
TRPSUR25082331de4cbb,2025-08-23,GJ01,repeated,10,99,5,8
TRPKOC2508231602194f,2025-08-23,KL01,repeated,10,141,8,10
TRPIND250823fa048215,2025-08-23,MP01,repeated,21,191,7,7
TRPVIS25082348664e15,2025-08-23,AP01,repeated,32,315,9,8
TRPSUR250823d1367dbf,2025-08-23,GJ01,repeated,8,83,6,8
TRPJAI2508235ca68757,2025-08-23,RJ01,repeated,24,325,8,10
TRPIND250823cfbe733d,2025-08-23,MP01,repeated,11,111,7,7
TRPIND25082310b9b07d,2025-08-23,MP01,repeated,23,207,9,9
TRPCHA2508234a4e4c90,2025-08-23,CH01,repeated,17,179,9,6
TRPCHA250823c60a1fee,2025-08-23,CH01,new,20,206,9,7
TRPCHA2508236284fb37,2025-08-23,CH01,new,24,242,9,7
TRPLUC25082398da14b9,2025-08-23,UP01,repeated,18,188,6,5
TRPLUC25082341dff2ab,2025-08-23,UP01,repeated,6,80,6,5
TRPCOI250823166901c0,2025-08-23,TN01,new,14,135,10,8
TRPLUC250823c5a7d618,2025-08-23,UP01,repeated,14,152,6,7
TRPSUR250823ba5ec942,2025-08-23,GJ01,repeated,7,75,7,5
TRPLUC250823e3073c06,2025-08-23,UP01,new,15,161,9,6
TRPLUC250823498a7419,2025-08-23,UP01,repeated,11,125,6,5
TRPJAI2508236a262038,2025-08-23,RJ01,new,19,265,9,10
TRPLUC25082338bd7308,2025-08-23,UP01,repeated,6,80,5,5
TRPJAI250823065cf1a9,2025-08-23,RJ01,new,22,301,8,10
TRPIND250823247b56ea,2025-08-23,MP01,repeated,14,135,7,6
TRPJAI25082327fe0a34,2025-08-23,RJ01,new,39,505,10,8
TRPCHA250823f215edad,2025-08-23,CH01,new,29,287,7,7
TRPIND250823763a1f4c,2025-08-23,MP01,new,11,111,10,8
TRPSUR250823fcb5a5f7,2025-08-23,GJ01,repeated,16,147,7,7
TRPJAI2508233b566273,2025-08-23,RJ01,new,33,433,8,10
TRPLUC250823448aec86,2025-08-23,UP01,repeated,7,89,7,7
TRPCHA25082317254d02,2025-08-23,CH01,new,19,197,10,8
TRPKOC250823bbeac0f8,2025-08-23,KL01,new,21,262,8,8
TRPJAI25082393a7a45d,2025-08-23,RJ01,repeated,16,229,8,9
TRPLUC25082340e6f7bc,2025-08-23,UP01,repeated,10,116,6,5
TRPVAD250823aaccbd2f,2025-08-23,GJ02,repeated,15,138,6,8
TRPVAD25082312f285b5,2025-08-23,GJ02,repeated,6,66,5,6
TRPCHA2508230167c018,2025-08-23,CH01,new,18,188,7,8
TRPJAI250823c705cc51,2025-08-23,RJ01,repeated,21,289,7,10
TRPSUR2508237761ce15,2025-08-23,GJ01,repeated,14,131,6,7
TRPJAI250823a4b8c881,2025-08-23,RJ01,repeated,16,229,9,9
TRPJAI2508236419d31e,2025-08-23,RJ01,new,41,529,9,10
TRPKOC250823bfca0a26,2025-08-23,KL01,new,18,229,9,9
TRPLUC25082303b9aeb5,2025-08-23,UP01,repeated,5,71,6,7
TRPSUR25082355ce680d,2025-08-23,GJ01,repeated,13,123,6,7
TRPSUR250823856d30c6,2025-08-23,GJ01,repeated,5,59,5,6
TRPJAI25082343b13998,2025-08-23,RJ01,new,32,421,10,9
TRPJAI2508234043cf83,2025-08-23,RJ01,new,20,277,8,10
TRPVIS2508233e98c286,2025-08-23,AP01,new,15,162,9,10
TRPJAI25082316a723c5,2025-08-23,RJ01,repeated,45,577,9,10
TRPKOC250823da67973e,2025-08-23,KL01,new,22,273,8,8
TRPLUC25082333fd83ea,2025-08-23,UP01,new,14,152,9,8
TRPLUC25082365fedd84,2025-08-23,UP01,repeated,19,197,5,7
TRPLUC250823a78e8213,2025-08-23,UP01,repeated,13,143,5,6
TRPMYS2508235d3b4d06,2025-08-23,KA01,new,12,155,10,8
TRPJAI250823290a1c47,2025-08-23,RJ01,repeated,15,217,9,8
TRPSUR250823b3ebba03,2025-08-23,GJ01,repeated,16,147,7,8
TRPJAI2508234b1ffac3,2025-08-23,RJ01,repeated,19,265,7,9
TRPVAD250823b35660bd,2025-08-23,GJ02,repeated,18,162,5,5
TRPJAI250823abd88afe,2025-08-23,RJ01,new,19,265,10,8
TRPLUC25082351eb3e86,2025-08-23,UP01,new,8,98,7,7
TRPKOC250823271a07cc,2025-08-23,KL01,new,30,361,8,8
TRPKOC250823556bbd11,2025-08-23,KL01,repeated,30,361,9,10
TRPSUR25082367103b56,2025-08-23,GJ01,new,5,59,9,7
TRPJAI250823657405ef,2025-08-23,RJ01,new,23,313,9,10
TRPLUC250823310afb49,2025-08-23,UP01,repeated,14,152,7,6
TRPVAD250823ed682f9f,2025-08-23,GJ02,repeated,15,138,5,5
TRPIND2508236c79d07b,2025-08-23,MP01,repeated,12,119,7,6
TRPLUC250823e9bd425c,2025-08-23,UP01,new,11,125,8,8
TRPJAI2508233766745d,2025-08-23,RJ01,repeated,22,301,8,8
TRPKOC250823daa86b03,2025-08-23,KL01,repeated,31,372,7,10
TRPLUC25082324adf313,2025-08-23,UP01,new,13,143,7,8
TRPKOC2508236739c202,2025-08-23,KL01,repeated,18,229,8,10
TRPIND250823fe52a9b4,2025-08-23,MP01,repeated,23,207,8,9
TRPJAI250823c60c0a37,2025-08-23,RJ01,repeated,31,409,7,8
TRPLUC25082381c4c501,2025-08-23,UP01,new,12,134,8,8
TRPLUC2508234223d596,2025-08-23,UP01,repeated,16,170,6,5
TRPLUC2508237be172ef,2025-08-23,UP01,repeated,7,89,7,8
TRPJAI250823d50ec253,2025-08-23,RJ01,repeated,16,229,8,9
TRPLUC250823f288f474,2025-08-23,UP01,repeated,20,206,5,7
TRPLUC2508236b47b37e,2025-08-23,UP01,repeated,5,71,6,6
TRPVAD2508231bce7a2a,2025-08-23,GJ02,new,18,162,7,7
TRPSUR250823e8efc0e7,2025-08-23,GJ01,repeated,14,131,5,5
TRPVAD25082355890a88,2025-08-23,GJ02,repeated,15,138,7,8
TRPVIS2508239bee05b6,2025-08-23,AP01,repeated,13,144,7,10
TRPVIS2508238dbdf190,2025-08-23,AP01,new,20,207,10,9
TRPCOI250823c4d0b960,2025-08-23,TN01,new,14,135,10,8
TRPJAI250823fc42fe81,2025-08-23,RJ01,repeated,30,397,7,8
TRPVIS250823218706b1,2025-08-23,AP01,repeated,20,207,9,8
TRPJAI250823595b1a0b,2025-08-23,RJ01,repeated,23,313,7,10
TRPCHA2508233b544761,2025-08-23,CH01,new,31,305,8,9
TRPCHA2508232909568c,2025-08-23,CH01,repeated,26,260,9,9
TRPSUR250823fae9b049,2025-08-23,GJ01,repeated,14,131,6,8
TRPJAI2508239ce9d449,2025-08-23,RJ01,new,30,397,8,9
TRPJAI250823f2ff7237,2025-08-23,RJ01,new,20,277,9,8
TRPKOC250823f9b42086,2025-08-23,KL01,new,16,207,10,9
TRPSUR25082311991c42,2025-08-23,GJ01,new,11,107,8,6
TRPIND25082320374ff1,2025-08-23,MP01,repeated,13,127,9,9
TRPKOC250823c52b0caf,2025-08-23,KL01,repeated,28,339,8,8
TRPLUC250823160291f5,2025-08-23,UP01,repeated,10,116,5,7
TRPMYS2508238e320802,2025-08-23,KA01,new,22,255,10,10
TRPCHA250823ddfb3e33,2025-08-23,CH01,repeated,18,188,6,8
TRPCOI25082351f692c5,2025-08-23,TN01,repeated,9,95,6,8
TRPIND250823df7bfc2f,2025-08-23,MP01,repeated,18,167,7,9
TRPSUR250823b190f7dc,2025-08-23,GJ01,repeated,10,99,7,7
TRPCHA250823e75e6c51,2025-08-23,CH01,new,34,332,10,8
TRPIND250823fbfc8a41,2025-08-23,MP01,new,17,159,2,1
TRPLUC250823929b4c13,2025-08-23,UP01,repeated,14,152,6,7
TRPJAI250823c7aee985,2025-08-23,RJ01,repeated,26,349,7,9
TRPJAI25082383930170,2025-08-23,RJ01,repeated,22,301,8,8
TRPVAD250823ed9019cf,2025-08-23,GJ02,repeated,12,114,7,8
TRPLUC250823d7ff11f5,2025-08-23,UP01,repeated,19,197,6,5
TRPVAD250823294cf445,2025-08-23,GJ02,repeated,17,154,5,8
TRPLUC250823fc8b6ee8,2025-08-23,UP01,new,19,197,7,7
TRPSUR250823753ce30d,2025-08-23,GJ01,repeated,12,115,6,7
TRPSUR2508235a0143bf,2025-08-23,GJ01,repeated,15,139,5,7
TRPJAI250823bdd1ef29,2025-08-23,RJ01,repeated,20,277,7,10
TRPLUC2508238d20d7e6,2025-08-23,UP01,repeated,20,206,5,6
TRPCOI25082332403655,2025-08-23,TN01,new,18,167,9,7
TRPLUC250823768810f5,2025-08-23,UP01,repeated,13,143,6,7
TRPJAI250823d9820342,2025-08-23,RJ01,new,45,577,9,10
TRPCOI250823013ee19d,2025-08-23,TN01,repeated,18,167,9,9
TRPIND250823f32c9b98,2025-08-23,MP01,repeated,22,199,7,6
TRPKOC250823fcb3172b,2025-08-23,KL01,new,22,273,8,8
TRPLUC25082335c984d2,2025-08-23,UP01,new,17,179,9,7
TRPCHA25082387d291a2,2025-08-23,CH01,repeated,18,188,7,9
TRPCHA250823f66cbadd,2025-08-23,CH01,new,27,269,9,9
TRPJAI2508236c49c29e,2025-08-23,RJ01,repeated,30,397,8,10
TRPLUC2508235fee7257,2025-08-23,UP01,new,10,116,9,8
TRPLUC2508237e739081,2025-08-23,UP01,new,13,143,8,7
TRPJAI250823e257f059,2025-08-23,RJ01,new,23,313,9,8
TRPJAI25082349c3cdfa,2025-08-23,RJ01,new,23,313,9,9
TRPVIS250823130c4f16,2025-08-23,AP01,new,11,126,10,8
TRPJAI2508231cc4b68d,2025-08-23,RJ01,repeated,44,565,8,8
TRPVIS250823d6432911,2025-08-23,AP01,new,16,171,9,10
TRPIND2508235057de29,2025-08-23,MP01,repeated,17,159,7,9
TRPKOC250823d5744f0b,2025-08-23,KL01,new,21,262,8,8
TRPJAI250823374441a6,2025-08-23,RJ01,repeated,18,253,8,9
TRPJAI25082373477ef6,2025-08-23,RJ01,new,44,565,10,9
TRPKOC250823f4e5893a,2025-08-23,KL01,new,17,218,9,8
TRPLUC250823cc8f3cec,2025-08-23,UP01,repeated,16,170,5,7
TRPLUC2508238322e0bc,2025-08-23,UP01,repeated,10,116,7,5
TRPLUC250823e590e81b,2025-08-23,UP01,repeated,9,107,6,7
TRPKOC250823c99edc4a,2025-08-23,KL01,new,36,427,10,8
TRPLUC250823fbd9cb53,2025-08-23,UP01,repeated,19,197,7,5
TRPJAI25082394a440a8,2025-08-23,RJ01,new,31,409,9,10
TRPVIS250823e70f7e52,2025-08-23,AP01,repeated,35,342,7,9
TRPJAI250823f63f1446,2025-08-23,RJ01,new,37,481,10,10
TRPLUC250823246c59f1,2025-08-23,UP01,repeated,18,188,6,8
TRPSUR2508233c5cd957,2025-08-23,GJ01,repeated,9,91,7,5
TRPCHA25082374085a03,2025-08-23,CH01,new,21,215,8,9
TRPLUC25082340f7499c,2025-08-23,UP01,repeated,16,170,5,8
TRPCHA250823a4bee860,2025-08-23,CH01,repeated,29,287,8,6
TRPLUC25082326702fc3,2025-08-23,UP01,repeated,15,161,7,6
TRPCHA25082325f48557,2025-08-23,CH01,repeated,30,296,8,9
TRPLUC25082300e89fb2,2025-08-23,UP01,repeated,7,89,6,8
TRPLUC25082377caf125,2025-08-23,UP01,repeated,13,143,7,5
TRPLUC2508236cd1cfe3,2025-08-23,UP01,new,5,71,7,6
TRPSUR2508235c76f80b,2025-08-23,GJ01,repeated,16,147,6,7
TRPVAD250823b0db213c,2025-08-23,GJ02,new,11,106,9,7
TRPIND25082380e85c00,2025-08-23,MP01,repeated,11,111,7,6
TRPSUR250823beb38180,2025-08-23,GJ01,repeated,6,67,6,8
TRPIND25082327f9bf7d,2025-08-23,MP01,new,16,151,8,7
TRPJAI25082395cf11a4,2025-08-23,RJ01,repeated,22,301,8,8
TRPVIS25082335ed1caa,2025-08-23,AP01,new,31,306,9,10
TRPIND250823d4766edd,2025-08-23,MP01,repeated,13,127,9,8
TRPLUC2508231e99c138,2025-08-23,UP01,repeated,14,152,5,6
TRPLUC2508231b2be6e8,2025-08-23,UP01,repeated,20,206,5,7
TRPCHA250823dba9eed3,2025-08-23,CH01,repeated,31,305,9,7
TRPJAI25082341768b06,2025-08-23,RJ01,repeated,35,457,9,8
TRPSUR2508231257681b,2025-08-23,GJ01,repeated,12,115,6,8
TRPLUC250823d9502a91,2025-08-23,UP01,repeated,7,89,7,5
TRPJAI2508235bc64b77,2025-08-23,RJ01,new,25,337,8,10
TRPVIS25082314e94865,2025-08-23,AP01,repeated,30,297,9,10
TRPIND250823eab22bde,2025-08-23,MP01,new,21,191,10,9
TRPSUR2508234fdbffe2,2025-08-23,GJ01,repeated,10,99,7,8
TRPCOI250823a749529b,2025-08-23,TN01,repeated,16,151,8,7
TRPSUR250823eadb47ad,2025-08-23,GJ01,new,12,115,9,8
TRPJAI2508238cce3923,2025-08-23,RJ01,new,18,253,10,8
TRPVIS2508238a32cec3,2025-08-23,AP01,new,31,306,10,8
TRPJAI2508230f961275,2025-08-23,RJ01,repeated,17,241,8,9
TRPIND250823ede87e51,2025-08-23,MP01,new,12,119,8,9
TRPVIS2508233cd886e4,2025-08-23,AP01,repeated,19,198,7,9
TRPSUR250823d4f19559,2025-08-23,GJ01,new,12,115,8,7
TRPIND2508237e904474,2025-08-23,MP01,repeated,16,151,6,7
TRPJAI2508231fbfcc3e,2025-08-23,RJ01,new,36,469,9,9
TRPVAD250823a874f19c,2025-08-23,GJ02,repeated,12,114,5,8
TRPKOC25082343f48587,2025-08-23,KL01,new,36,427,9,9
TRPVAD250823fbd2f4fb,2025-08-23,GJ02,repeated,8,82,5,7
TRPVIS25082359553811,2025-08-23,AP01,repeated,20,207,8,9
TRPMYS250823dcdcead8,2025-08-23,KA01,new,21,245,8,9
TRPSUR250823f6fc2e96,2025-08-23,GJ01,repeated,10,99,5,6
TRPLUC25082304fa227b,2025-08-23,UP01,repeated,16,170,7,8
TRPJAI250823558acde4,2025-08-23,RJ01,repeated,34,445,7,8
TRPSUR25082361041f5e,2025-08-23,GJ01,repeated,9,91,7,7
TRPVAD25082316b1a221,2025-08-23,GJ02,repeated,17,154,7,7
TRPCOI25082331beb517,2025-08-23,TN01,repeated,21,191,7,8
TRPVIS250823937449de,2025-08-23,AP01,new,14,153,10,10
TRPIND2508233cb49aa5,2025-08-23,MP01,repeated,8,87,8,8
TRPVAD2508237a55894a,2025-08-23,GJ02,repeated,13,122,7,8
TRPLUC250823ae022db4,2025-08-23,UP01,repeated,11,125,6,5
TRPVAD2508236cc728d7,2025-08-23,GJ02,new,6,66,9,6
TRPJAI2508237435d9f0,2025-08-23,RJ01,new,41,529,8,9
TRPIND25082304bd565c,2025-08-23,MP01,repeated,15,143,8,8
TRPIND2508239dcbc620,2025-08-23,MP01,repeated,20,183,7,8
TRPJAI2508230a1a4923,2025-08-23,RJ01,new,21,289,8,10
TRPKOC250823900f2bf8,2025-08-23,KL01,new,22,273,9,8
TRPIND25082338dadb91,2025-08-23,MP01,repeated,24,215,8,7
TRPLUC2508235729ff4e,2025-08-23,UP01,repeated,14,152,6,6
TRPIND2508235edeafca,2025-08-23,MP01,repeated,18,167,8,8
TRPSUR250823e1b45b7e,2025-08-23,GJ01,repeated,12,115,6,8
TRPLUC250823257154a1,2025-08-23,UP01,repeated,5,71,7,8
TRPIND250823abc4cd1e,2025-08-23,MP01,repeated,9,95,8,6
TRPVAD2508231e11c641,2025-08-23,GJ02,repeated,10,98,7,6
TRPJAI250823812678c3,2025-08-23,RJ01,repeated,30,397,7,8
TRPLUC250823c979722a,2025-08-23,UP01,repeated,14,152,5,8
TRPCHA250823e3578146,2025-08-23,CH01,repeated,24,242,8,6
TRPSUR2508239c6cc3a0,2025-08-23,GJ01,repeated,6,67,6,6
TRPVAD2508230132abbe,2025-08-23,GJ02,repeated,7,74,6,6
TRPLUC2508239c2c94c9,2025-08-23,UP01,repeated,13,143,7,8
TRPLUC25082390383130,2025-08-23,UP01,repeated,8,98,5,5
TRPCHA2508237bfd1005,2025-08-23,CH01,repeated,13,143,8,7
TRPSUR2508237e983b13,2025-08-23,GJ01,repeated,13,123,6,7
TRPLUC250823b3d71954,2025-08-23,UP01,repeated,12,134,5,7
TRPLUC250823f3d38e56,2025-08-23,UP01,repeated,13,143,7,6
TRPCHA2508230073ffb7,2025-08-23,CH01,repeated,23,233,9,9
TRPKOC2508236ed9925f,2025-08-23,KL01,new,30,361,10,9
TRPCOI2508235f7ad87b,2025-08-23,TN01,repeated,11,111,6,7
TRPCHA2508230ff49cbe,2025-08-23,CH01,repeated,14,152,8,9
TRPLUC25082317fa30fc,2025-08-23,UP01,new,10,116,9,8
TRPCHA2508231e56e930,2025-08-23,CH01,new,21,215,9,9
TRPVAD250823cf4bc5b9,2025-08-23,GJ02,repeated,10,98,7,6
TRPCOI2508232d343192,2025-08-23,TN01,new,17,159,9,8
TRPLUC250823096c15c3,2025-08-23,UP01,repeated,15,161,5,7
TRPCHA2508239ccf629d,2025-08-23,CH01,repeated,30,296,9,6
TRPJAI2508230c7bd6b3,2025-08-23,RJ01,repeated,36,469,9,8
TRPVAD250823b7d3aae3,2025-08-23,GJ02,repeated,11,106,5,6
TRPLUC25082337ad3f20,2025-08-23,UP01,repeated,9,107,7,7
TRPLUC25082303ce54ba,2025-08-23,UP01,repeated,9,107,7,8
TRPIND250823211b1aab,2025-08-23,MP01,repeated,24,215,9,9
TRPSUR250823517f3aac,2025-08-23,GJ01,repeated,12,115,7,7
TRPJAI2508233d090bf1,2025-08-23,RJ01,new,21,289,8,8
TRPSUR2508233bf56078,2025-08-23,GJ01,new,13,123,7,8
TRPIND250823e4026b35,2025-08-23,MP01,new,21,191,9,7
TRPIND2508230e6b2527,2025-08-23,MP01,new,9,95,9,9
TRPLUC25082354b3982b,2025-08-23,UP01,repeated,20,206,7,7
TRPIND2508231340ffd8,2025-08-23,MP01,repeated,9,95,8,6
TRPVAD250823a5f2822d,2025-08-23,GJ02,repeated,9,90,6,5
TRPLUC2508238b122794,2025-08-23,UP01,new,14,152,8,7
TRPSUR25082395ff42dd,2025-08-23,GJ01,repeated,6,67,6,7
TRPSUR25082325e292f8,2025-08-23,GJ01,repeated,11,107,6,6
TRPKOC250823a439b4e4,2025-08-23,KL01,repeated,15,196,8,8
TRPSUR250823b437189a,2025-08-23,GJ01,repeated,15,139,7,5
TRPSUR2508233e3f5fa2,2025-08-23,GJ01,new,8,83,8,7
TRPSUR25082392371f2b,2025-08-23,GJ01,new,15,139,8,7
TRPCHA250823608450b8,2025-08-23,CH01,repeated,25,251,8,8
TRPVAD25082357713177,2025-08-23,GJ02,repeated,12,114,7,8
TRPSUR2508233bc3c686,2025-08-23,GJ01,new,6,67,8,8
TRPLUC250823ba1e6432,2025-08-23,UP01,repeated,7,89,6,7
TRPIND250823e5923756,2025-08-23,MP01,repeated,17,159,6,7
TRPIND250823663eea13,2025-08-23,MP01,new,13,127,7,9
TRPLUC250823f93311b4,2025-08-23,UP01,repeated,9,107,6,7
TRPLUC250823baa86e66,2025-08-23,UP01,new,16,170,8,8
TRPSUR25082306f4290a,2025-08-23,GJ01,repeated,10,99,6,8
TRPSUR250823ab977d79,2025-08-23,GJ01,repeated,9,91,7,7
TRPKOC2508230ce009af,2025-08-23,KL01,new,29,350,8,9
TRPSUR2508232abe3b13,2025-08-23,GJ01,new,8,83,8,7
TRPCHA25082341cb6b7a,2025-08-23,CH01,new,25,251,9,9
TRPSUR250823b5019a4d,2025-08-23,GJ01,repeated,8,83,7,5
TRPJAI250823d24c8e18,2025-08-23,RJ01,repeated,35,457,7,10
TRPCOI25082351ecbd9b,2025-08-23,TN01,repeated,10,103,7,8
TRPCHA2508237e47411a,2025-08-23,CH01,new,21,215,10,7
TRPVIS2508233199335e,2025-08-23,AP01,repeated,27,270,9,10
TRPIND250823470d2246,2025-08-23,MP01,repeated,25,223,8,9
TRPCOI2508232a24a718,2025-08-23,TN01,new,22,199,9,7
TRPJAI250823aa61f4a8,2025-08-23,RJ01,new,21,289,10,9
TRPLUC250823ff9cd7f3,2025-08-23,UP01,repeated,15,161,6,7
TRPLUC2508235cf8c3b7,2025-08-23,UP01,repeated,16,170,6,8
TRPCHA250823edd35d69,2025-08-23,CH01,repeated,21,215,7,9
TRPVAD25082345c5db39,2025-08-23,GJ02,repeated,11,106,6,8
TRPJAI250823d0b5afc5,2025-08-23,RJ01,new,37,481,1,3
TRPJAI2508232ae25073,2025-08-23,RJ01,repeated,18,253,8,9
TRPJAI250823d3199098,2025-08-23,RJ01,repeated,25,337,7,8
TRPVAD250823b9a60174,2025-08-23,GJ02,repeated,12,114,7,5
TRPIND25082361a6652b,2025-08-23,MP01,repeated,17,159,6,7
TRPIND250823254bb7a2,2025-08-23,MP01,repeated,13,127,7,7
TRPLUC250823345506cb,2025-08-23,UP01,repeated,8,98,6,6
TRPJAI250823df2e988a,2025-08-23,RJ01,repeated,45,577,7,9
TRPVAD250823ca28e384,2025-08-23,GJ02,repeated,5,58,7,8
TRPMYS2508235fb4b1e9,2025-08-23,KA01,new,22,255,9,10
TRPLUC25082305630ccf,2025-08-23,UP01,repeated,19,197,5,8
TRPCHA25082378b4e9ff,2025-08-23,CH01,repeated,12,134,7,6
TRPCOI250823b682bd08,2025-08-23,TN01,new,12,119,9,8
TRPVIS2508230129e895,2025-08-23,AP01,repeated,15,162,7,10
TRPLUC2508238a9b81bb,2025-08-23,UP01,repeated,11,125,5,8
TRPLUC250823a3e3218e,2025-08-23,UP01,repeated,6,80,6,8
TRPJAI25082318d4da84,2025-08-23,RJ01,new,20,277,8,8
TRPSUR250823f95a7c61,2025-08-23,GJ01,repeated,12,115,5,5
TRPJAI25082359a8ec58,2025-08-23,RJ01,new,32,421,8,10
TRPSUR25082366e7af12,2025-08-23,GJ01,repeated,12,115,7,5
TRPJAI2508239d4e825b,2025-08-23,RJ01,new,27,361,8,9
TRPJAI2508238b5c93a2,2025-08-23,RJ01,repeated,44,565,7,8
TRPLUC25082305091ebf,2025-08-23,UP01,repeated,5,71,6,5
TRPLUC2508237ee994ae,2025-08-23,UP01,new,11,125,7,8
TRPKOC250823e6e46792,2025-08-23,KL01,new,19,240,9,9
TRPLUC250823c67c781a,2025-08-23,UP01,repeated,20,206,5,6
TRPIND2508231068c391,2025-08-23,MP01,repeated,15,143,9,9
TRPJAI250823effe9a75,2025-08-23,RJ01,repeated,18,253,7,9
TRPJAI2508231ed0805b,2025-08-23,RJ01,new,34,445,9,8
TRPVIS25082335e29b61,2025-08-23,AP01,repeated,21,216,8,10
TRPJAI25082330fb6568,2025-08-23,RJ01,new,41,529,9,9
TRPVIS250823334c97c6,2025-08-23,AP01,repeated,13,144,8,10
TRPCHA2508235d245fe2,2025-08-23,CH01,repeated,14,152,8,8
TRPVIS25082360113ff2,2025-08-23,AP01,new,19,198,8,8
TRPJAI250823d335a779,2025-08-23,RJ01,new,39,505,9,10
TRPJAI2508230d498a59,2025-08-23,RJ01,repeated,31,409,7,10
TRPKOC25082365269795,2025-08-23,KL01,new,29,350,9,10
TRPSUR250823a74c07b6,2025-08-23,GJ01,repeated,9,91,5,5
TRPCOI25082362ace5db,2025-08-23,TN01,repeated,13,127,6,7
TRPKOC2508233e6527d5,2025-08-23,KL01,new,16,207,8,10
TRPLUC25082399e5d56f,2025-08-23,UP01,repeated,9,107,7,6
TRPIND2508232ef6ea39,2025-08-23,MP01,new,9,95,8,8
TRPLUC250823491fd2ba,2025-08-23,UP01,new,13,143,9,6
TRPKOC2508239b6195c2,2025-08-23,KL01,repeated,12,163,7,10
TRPLUC2508233e419374,2025-08-23,UP01,new,12,134,7,8
TRPJAI25082388eac24f,2025-08-23,RJ01,new,23,313,8,9
TRPSUR250823d4b08c0b,2025-08-23,GJ01,repeated,14,131,7,6
TRPKOC25082385c97b83,2025-08-23,KL01,new,29,350,9,9
TRPVIS250823dc9b3e9d,2025-08-23,AP01,repeated,31,306,8,10
TRPKOC250823d69c1742,2025-08-23,KL01,repeated,35,416,9,8
TRPCOI25082368f87597,2025-08-23,TN01,repeated,16,151,7,6
TRPJAI25082374b30e6d,2025-08-23,RJ01,repeated,22,301,7,10
TRPSUR25082341e31110,2025-08-23,GJ01,repeated,13,123,5,5
TRPJAI250823420a60d0,2025-08-23,RJ01,new,23,313,10,8
TRPJAI250823fd9b4089,2025-08-23,RJ01,repeated,40,517,7,8
TRPLUC25082329e4e9a2,2025-08-23,UP01,repeated,16,170,6,6
TRPIND250823ed432403,2025-08-23,MP01,new,16,151,7,8
TRPVIS250823fc6cca35,2025-08-23,AP01,new,35,342,8,10
TRPSUR250823fd1aba80,2025-08-23,GJ01,repeated,8,83,5,5
TRPJAI250823c235fc6c,2025-08-23,RJ01,repeated,19,265,9,10
TRPIND25082337ca6a93,2025-08-23,MP01,repeated,24,215,8,9
TRPJAI2508232f79f747,2025-08-23,RJ01,repeated,20,277,9,9
TRPKOC25082369ded7af,2025-08-23,KL01,repeated,22,273,7,9
TRPCOI250823d849eaba,2025-08-23,TN01,new,17,159,8,9
TRPLUC2508239c1c27b3,2025-08-23,UP01,new,14,152,7,8
TRPLUC2508236fc3d135,2025-08-23,UP01,new,11,125,9,8
TRPLUC250823151e1c61,2025-08-23,UP01,repeated,7,89,5,7
TRPVIS250823c3d7ed17,2025-08-23,AP01,new,15,162,9,9
TRPJAI25082326a9cf61,2025-08-23,RJ01,new,43,553,10,10
TRPJAI250823fee5b344,2025-08-23,RJ01,new,19,265,9,9
TRPVIS2508233ad34068,2025-08-23,AP01,repeated,26,261,9,10
TRPSUR250823687822f1,2025-08-23,GJ01,repeated,11,107,7,5
TRPIND250823df09dddb,2025-08-23,MP01,repeated,14,135,7,7
TRPKOC25082393c6e8a4,2025-08-23,KL01,new,37,438,10,8
TRPCHA2508232d8e9c73,2025-08-23,CH01,repeated,14,152,6,6
TRPCHA2508232c020418,2025-08-23,CH01,repeated,28,278,9,6
TRPVIS25082325e42edc,2025-08-23,AP01,new,29,288,10,8
TRPCOI250823b3e4fa32,2025-08-23,TN01,repeated,20,183,9,8
TRPVIS25082355f5025d,2025-08-23,AP01,new,25,252,9,8
TRPSUR25082337305290,2025-08-23,GJ01,repeated,13,123,5,8
TRPLUC2508238a69c5f7,2025-08-23,UP01,repeated,8,98,7,5
TRPLUC2508238357937f,2025-08-23,UP01,repeated,8,98,6,8
TRPCHA25082358b8d0b7,2025-08-23,CH01,new,17,179,8,9
TRPIND250823a1462b5e,2025-08-23,MP01,repeated,17,159,6,9
TRPSUR2508230a4c904d,2025-08-23,GJ01,new,8,83,7,6
TRPCOI2508231b310d8e,2025-08-23,TN01,new,21,191,7,9
TRPJAI250823e01d0c5a,2025-08-23,RJ01,new,34,445,8,10
TRPJAI25082339ae5ad3,2025-08-23,RJ01,new,44,565,9,10
TRPLUC2508234c572404,2025-08-23,UP01,repeated,5,71,5,8
TRPSUR250823a170c27a,2025-08-23,GJ01,new,5,59,7,6
TRPVIS2508236207c07e,2025-08-23,AP01,new,22,225,9,10
TRPIND2508234dc588ff,2025-08-23,MP01,repeated,11,111,8,7
TRPSUR250823ca6e9977,2025-08-23,GJ01,new,8,83,7,7
TRPJAI250823c0d1095f,2025-08-23,RJ01,new,33,433,9,10
TRPSUR250823aae84c90,2025-08-23,GJ01,new,16,147,7,8
TRPLUC250823726d465e,2025-08-23,UP01,repeated,18,188,6,7
TRPCHA25082323a17c1a,2025-08-23,CH01,repeated,23,233,8,7
TRPJAI2508231c9adff4,2025-08-23,RJ01,new,23,313,10,9
TRPLUC25082331db6778,2025-08-23,UP01,repeated,17,179,6,5
TRPIND25082398ea2504,2025-08-23,MP01,repeated,25,223,9,8
TRPIND2508234c2a8ac1,2025-08-23,MP01,repeated,16,151,8,8
TRPSUR250823585a206a,2025-08-23,GJ01,repeated,16,147,5,8
TRPLUC25082362ef4473,2025-08-23,UP01,repeated,8,98,6,8
TRPCHA25082331735004,2025-08-23,CH01,repeated,29,287,8,8
TRPSUR2508231c1890b6,2025-08-23,GJ01,repeated,16,147,5,8
TRPCHA2508238f520449,2025-08-23,CH01,new,15,161,8,7
TRPVAD250823d752aa3c,2025-08-23,GJ02,repeated,14,130,7,5
TRPIND25082324c75593,2025-08-23,MP01,repeated,24,215,9,8
TRPIND2508230d319057,2025-08-23,MP01,new,13,127,8,7
TRPJAI250823ed32eecb,2025-08-23,RJ01,new,21,289,8,10
TRPJAI2508234539be0c,2025-08-23,RJ01,new,40,517,8,9
TRPLUC25082382d7b63a,2025-08-23,UP01,new,10,116,7,8
TRPCHA250823bc96f0f5,2025-08-23,CH01,repeated,28,278,9,7
TRPCOI25082370a15c7c,2025-08-23,TN01,repeated,14,135,6,6
TRPIND250823a828eaba,2025-08-23,MP01,repeated,16,151,9,6
TRPJAI250823cc222fad,2025-08-23,RJ01,new,34,445,10,9
TRPLUC250823a7578196,2025-08-23,UP01,repeated,17,179,5,5
TRPLUC2508234d378dc7,2025-08-23,UP01,repeated,6,80,6,7
TRPJAI25082308e3b49d,2025-08-23,RJ01,new,32,421,8,9
TRPIND25082382aef380,2025-08-23,MP01,repeated,16,151,7,8
TRPLUC25082342d2601d,2025-08-23,UP01,repeated,17,179,6,6
TRPJAI250823d76cd014,2025-08-23,RJ01,new,30,397,8,9
TRPSUR2508230874bb7d,2025-08-23,GJ01,repeated,8,83,6,7
TRPCHA25082388b17829,2025-08-23,CH01,new,35,341,10,9
TRPJAI2508230cec188d,2025-08-23,RJ01,repeated,41,529,9,8
TRPCOI250823d2742e7b,2025-08-23,TN01,repeated,18,167,6,8
TRPJAI25082391b8e683,2025-08-23,RJ01,new,29,385,9,10
TRPSUR2508233c0e7386,2025-08-23,GJ01,new,16,147,9,6
TRPLUC2508231ecbfb32,2025-08-23,UP01,repeated,13,143,6,7
TRPJAI2508239df4c7b2,2025-08-23,RJ01,new,25,337,8,8
TRPCOI25082394b6b1f1,2025-08-23,TN01,repeated,12,119,8,7
TRPCOI25082354fc0a52,2025-08-23,TN01,repeated,12,119,8,8
TRPCHA250823da968641,2025-08-23,CH01,new,19,197,9,7
TRPKOC250823d4f98faa,2025-08-23,KL01,repeated,15,196,7,10
TRPLUC250823eb5b1a38,2025-08-23,UP01,repeated,6,80,7,6
TRPSUR250823bc923f14,2025-08-23,GJ01,repeated,10,99,5,5
TRPSUR250823be79a44f,2025-08-23,GJ01,repeated,16,147,6,8
TRPLUC2508236551ad2f,2025-08-23,UP01,repeated,5,71,5,8
TRPKOC25082315ee0384,2025-08-23,KL01,new,36,427,10,10
TRPLUC250823af688b06,2025-08-23,UP01,repeated,11,125,6,5
TRPSUR250823ba4b3b41,2025-08-23,GJ01,repeated,17,155,6,7
TRPJAI25082367e59736,2025-08-23,RJ01,repeated,15,217,7,8
TRPIND250823786a774a,2025-08-23,MP01,repeated,9,95,6,7
TRPSUR25082328fed315,2025-08-23,GJ01,repeated,12,115,5,8
TRPLUC250823d3ef9f11,2025-08-23,UP01,repeated,15,161,7,7
TRPJAI2508233abe902f,2025-08-23,RJ01,new,42,541,8,8
TRPCHA250823f4868813,2025-08-23,CH01,new,21,215,7,8
TRPJAI2508235d4d77cf,2025-08-23,RJ01,repeated,19,265,7,10
TRPCHA2508237ad06354,2025-08-23,CH01,new,15,161,8,7
TRPCHA250823654b50ad,2025-08-23,CH01,new,26,260,8,8
TRPSUR2508237e2b2489,2025-08-23,GJ01,repeated,11,107,7,6
TRPVAD250823b9a5ac36,2025-08-23,GJ02,repeated,10,98,7,5
TRPKOC250823d2a45715,2025-08-23,KL01,repeated,10,141,8,9
TRPCOI250823b33ce0c7,2025-08-23,TN01,new,14,135,9,7
TRPLUC25082330155376,2025-08-23,UP01,repeated,16,170,7,7
TRPSUR2508238affa357,2025-08-23,GJ01,repeated,17,155,7,8
TRPLUC2508236f237b69,2025-08-23,UP01,new,14,152,7,6
TRPJAI250823555f7c9a,2025-08-23,RJ01,repeated,20,277,7,10
TRPCHA250823989f6c9f,2025-08-23,CH01,repeated,29,287,6,6
TRPKOC250823a3a70cfa,2025-08-23,KL01,repeated,18,229,8,9
TRPKOC250823657ae68f,2025-08-23,KL01,new,32,383,9,8
TRPCHA25082372100897,2025-08-23,CH01,repeated,32,314,7,6
TRPLUC250823a7fe7e7f,2025-08-23,UP01,new,15,161,7,6
TRPKOC250823527f16a0,2025-08-23,KL01,repeated,28,339,9,9
TRPJAI250823939d1fd9,2025-08-23,RJ01,new,20,277,8,10
TRPCHA2508235e30120c,2025-08-23,CH01,new,28,278,7,8
TRPSUR25082373e2bbbd,2025-08-23,GJ01,new,17,155,8,8
TRPIND2508232f143d44,2025-08-23,MP01,repeated,14,135,6,8
TRPKOC250823cb26f19f,2025-08-23,KL01,repeated,18,229,8,8
TRPJAI2508231fb90854,2025-08-23,RJ01,repeated,27,361,7,10
TRPSUR25082350c07009,2025-08-23,GJ01,repeated,11,107,5,8
TRPJAI2508234efdb205,2025-08-23,RJ01,repeated,37,481,8,8
TRPLUC250823ab4aa900,2025-08-23,UP01,new,12,134,8,8
TRPVAD25082392458994,2025-08-23,GJ02,new,13,122,8,8
TRPCHA250823004f5898,2025-08-23,CH01,new,33,323,9,7
TRPIND2508235f93d6d9,2025-08-23,MP01,repeated,16,151,9,7
TRPVAD2508238ed7994c,2025-08-23,GJ02,repeated,9,90,7,5
TRPVAD25082382141a24,2025-08-23,GJ02,repeated,15,138,7,6
TRPVAD250823fb2b2d3e,2025-08-23,GJ02,repeated,5,58,5,6
TRPLUC25082363ea3036,2025-08-23,UP01,repeated,14,152,5,8
TRPKOC250823a01e9cd8,2025-08-23,KL01,new,29,350,9,8
TRPCHA25082325dd9591,2025-08-23,CH01,new,28,278,7,7
TRPVAD2508234a88d151,2025-08-23,GJ02,new,18,162,8,8
TRPSUR250823691bbbd1,2025-08-23,GJ01,repeated,9,91,5,6
TRPIND250823a4cabc9d,2025-08-23,MP01,repeated,25,223,8,9
TRPIND25082323c49aad,2025-08-23,MP01,new,18,167,8,7
TRPJAI250823a174ed12,2025-08-23,RJ01,new,19,265,9,8
TRPSUR25082332d33310,2025-08-23,GJ01,repeated,10,99,7,6
TRPCOI25082350d4b0be,2025-08-23,TN01,repeated,13,127,8,7
TRPVIS250823b178a88c,2025-08-23,AP01,new,26,261,10,10
TRPLUC2508232c917bcc,2025-08-23,UP01,repeated,8,98,7,8
TRPLUC25082308a6ceb5,2025-08-23,UP01,repeated,5,71,7,5
TRPIND25082377709bdd,2025-08-23,MP01,new,24,215,7,8
TRPLUC2508237343c917,2025-08-23,UP01,repeated,10,116,6,7
TRPLUC2508238ff1ac0c,2025-08-23,UP01,repeated,7,89,5,7
TRPSUR250823e36f2b72,2025-08-23,GJ01,new,8,83,8,8
TRPIND25082307b11312,2025-08-23,MP01,repeated,12,119,7,8
TRPLUC250823cbf39709,2025-08-23,UP01,repeated,18,188,5,7
TRPLUC2508230e51594d,2025-08-23,UP01,repeated,17,179,6,7
TRPIND2508235c4fd1b7,2025-08-23,MP01,repeated,11,111,7,8
TRPLUC250823a650b113,2025-08-23,UP01,repeated,5,71,6,7
TRPKOC250823f1a7e47c,2025-08-23,KL01,new,28,339,8,9
TRPCOI25082302f57c6c,2025-08-23,TN01,new,14,135,9,7
TRPMYS250823307d6147,2025-08-23,KA01,new,16,195,8,10
TRPLUC2508234e24152d,2025-08-23,UP01,new,20,206,8,6
TRPSUR250823b9f34071,2025-08-23,GJ01,repeated,13,123,6,8
TRPLUC250823c11500ef,2025-08-23,UP01,new,5,71,8,6
TRPIND250823927e3b20,2025-08-23,MP01,repeated,9,95,6,8
TRPKOC2508230f0cfe40,2025-08-23,KL01,repeated,28,339,8,8
TRPSUR25082357378b64,2025-08-23,GJ01,repeated,7,75,7,5
TRPMYS25082304cdc20f,2025-08-23,KA01,new,21,245,8,8
TRPJAI250823448ff319,2025-08-23,RJ01,repeated,31,409,7,10
TRPIND25082325e1105a,2025-08-23,MP01,repeated,15,143,9,6
TRPSUR250823e50a1272,2025-08-23,GJ01,new,16,147,9,8
TRPJAI25082399ee7b92,2025-08-23,RJ01,new,43,553,8,10
TRPVIS250823b7f15fef,2025-08-23,AP01,repeated,26,261,9,9
TRPSUR250823af65b01c,2025-08-23,GJ01,repeated,8,83,5,5
TRPIND250823b1349f7c,2025-08-23,MP01,new,18,167,10,7
TRPLUC2508231c41f154,2025-08-23,UP01,repeated,17,179,6,8
TRPLUC2508239623dd5b,2025-08-23,UP01,new,13,143,8,6
TRPIND2508237a378c4b,2025-08-23,MP01,new,12,119,7,9
TRPLUC250823100ce338,2025-08-23,UP01,repeated,19,197,6,8
TRPCHA2508231c4c65f3,2025-08-23,CH01,new,25,251,7,8
TRPSUR2508234309f1a2,2025-08-23,GJ01,repeated,15,139,6,5
TRPVAD250823a160ddd1,2025-08-23,GJ02,new,10,98,9,7
TRPJAI250823eaed5add,2025-08-23,RJ01,repeated,41,529,8,10
TRPKOC250823b388781e,2025-08-23,KL01,new,12,163,9,10
TRPMYS25082385a65a33,2025-08-23,KA01,new,9,125,10,8
TRPKOC25082304493617,2025-08-23,KL01,repeated,36,427,7,8
TRPVIS2508234084b488,2025-08-23,AP01,repeated,31,306,8,10
TRPIND250823de4f062f,2025-08-23,MP01,repeated,10,103,6,7
TRPLUC250823d0debd0b,2025-08-23,UP01,new,15,161,9,6
TRPVIS2508232c008958,2025-08-23,AP01,repeated,11,126,9,10
TRPVIS25082362f1bf86,2025-08-23,AP01,new,24,243,10,8
TRPLUC25082392a6b8b9,2025-08-23,UP01,repeated,11,125,6,6
TRPIND250823d43e7449,2025-08-23,MP01,repeated,18,167,7,6
TRPSUR25082302fdb769,2025-08-23,GJ01,repeated,13,123,6,7
TRPLUC250823d6bce2d6,2025-08-23,UP01,new,11,125,7,7
TRPJAI25082304da7dfe,2025-08-23,RJ01,new,34,445,9,10
TRPCHA250823bd1b9e71,2025-08-23,CH01,repeated,21,215,7,7
TRPJAI25082369122807,2025-08-23,RJ01,repeated,40,517,7,10
TRPLUC25082372a5d3ca,2025-08-23,UP01,repeated,5,71,5,6
TRPVAD250823ce0baaf2,2025-08-23,GJ02,repeated,14,130,6,7
TRPIND250823d12c5f78,2025-08-23,MP01,new,15,143,7,7
TRPVAD25082396508f02,2025-08-23,GJ02,repeated,8,82,6,5
TRPJAI250823696d434e,2025-08-23,RJ01,repeated,43,553,9,8
TRPJAI250823368df8e0,2025-08-23,RJ01,new,35,457,9,9
TRPJAI250823e7f43735,2025-08-23,RJ01,repeated,31,409,7,10
TRPVIS2508237c3ca2bc,2025-08-23,AP01,new,22,225,10,10
TRPVIS2508233d559ea2,2025-08-23,AP01,new,31,306,9,10
TRPSUR2508238ba77049,2025-08-23,GJ01,repeated,5,59,7,5
TRPVAD250823cbb5c1c1,2025-08-23,GJ02,repeated,6,66,7,7
TRPCHA25082356facc5e,2025-08-23,CH01,new,21,215,7,9
TRPLUC25082371527508,2025-08-23,UP01,repeated,19,197,7,5
TRPIND2508232be05250,2025-08-23,MP01,repeated,14,135,9,8
TRPLUC250823f3c795f4,2025-08-23,UP01,repeated,17,179,7,7
TRPCHA2508232f567596,2025-08-23,CH01,new,34,332,8,7
TRPCOI250823e2fbf991,2025-08-23,TN01,new,11,111,7,8
TRPVIS250823166c7700,2025-08-23,AP01,new,35,342,10,8
TRPJAI250823250c4444,2025-08-23,RJ01,new,23,313,9,9
TRPCHA2508234bf5db01,2025-08-23,CH01,repeated,18,188,9,6
TRPKOC250823d79b7007,2025-08-23,KL01,new,37,438,9,8
TRPSUR25082344971dce,2025-08-23,GJ01,repeated,7,75,7,5
TRPCOI25082361a57549,2025-08-23,TN01,repeated,16,151,7,9
TRPKOC250823b6a75fb0,2025-08-23,KL01,new,21,262,10,8
TRPIND250823a702ea0d,2025-08-23,MP01,repeated,21,191,9,6
TRPVAD250823770f20fe,2025-08-23,GJ02,repeated,7,74,6,5
TRPJAI25082309c2c76b,2025-08-23,RJ01,new,37,481,9,9
TRPSUR250823b95d8579,2025-08-23,GJ01,repeated,7,75,7,8
TRPVAD250823f38220ea,2025-08-23,GJ02,new,13,122,7,6
TRPVIS25082354f6c44c,2025-08-23,AP01,repeated,23,234,7,8
TRPLUC25082313c8fa34,2025-08-23,UP01,new,9,107,9,6
TRPVAD2508236967029a,2025-08-23,GJ02,new,9,90,9,6
TRPKOC25082365061864,2025-08-23,KL01,new,24,295,9,10
TRPKOC25082382d92c57,2025-08-23,KL01,new,27,328,9,10
TRPSUR250823e065b3f8,2025-08-23,GJ01,repeated,9,91,5,6
TRPIND25082375485334,2025-08-23,MP01,repeated,9,95,9,6
TRPVAD250823446c08e8,2025-08-23,GJ02,repeated,7,74,5,6
TRPVIS250823f089e8e3,2025-08-23,AP01,repeated,26,261,9,9
TRPVAD250823f15778eb,2025-08-23,GJ02,new,14,130,9,7
TRPSUR250823d3a9f269,2025-08-23,GJ01,new,7,75,7,8
TRPVAD25082332611901,2025-08-23,GJ02,repeated,14,130,6,7
TRPKOC250823f74a7a1f,2025-08-23,KL01,repeated,19,240,8,9
TRPCHA250823676ebc23,2025-08-23,CH01,new,26,260,9,8
TRPJAI250823979d6136,2025-08-23,RJ01,new,19,265,8,9
TRPCHA25082366dee8c2,2025-08-23,CH01,repeated,24,242,8,9
TRPLUC2508230f865ce4,2025-08-23,UP01,repeated,8,98,5,5
TRPLUC250823122449b6,2025-08-23,UP01,repeated,7,89,7,6
TRPLUC2508232880cf1c,2025-08-23,UP01,repeated,17,179,7,7
TRPJAI25082364d07c64,2025-08-23,RJ01,repeated,23,313,8,9
TRPSUR250823733742df,2025-08-23,GJ01,repeated,6,67,6,5
TRPJAI25082310b298bc,2025-08-23,RJ01,new,33,433,9,10
TRPLUC2508230f90637f,2025-08-23,UP01,new,17,179,7,7
TRPCHA250823321acf8b,2025-08-23,CH01,new,19,197,10,7
TRPLUC25082301969b46,2025-08-23,UP01,new,18,188,9,6
TRPSUR2508232841a830,2025-08-23,GJ01,repeated,12,115,5,5
TRPCOI25082381284b98,2025-08-23,TN01,repeated,20,183,6,9
TRPLUC2508239cd68105,2025-08-23,UP01,repeated,9,107,6,5
TRPJAI2508234dc5700b,2025-08-23,RJ01,new,26,349,9,10
TRPCHA250823319a1002,2025-08-23,CH01,repeated,28,278,8,8
TRPCHA250823203bf4b0,2025-08-23,CH01,repeated,34,332,8,7
TRPVIS25082326dea5db,2025-08-23,AP01,new,11,126,8,8
TRPIND2508236e39c304,2025-08-23,MP01,new,15,143,8,9
TRPVAD250823707e9b2a,2025-08-23,GJ02,new,5,58,9,7
TRPSUR2508239db08abd,2025-08-23,GJ01,new,17,155,9,8
TRPIND250823d7b686a7,2025-08-23,MP01,new,12,119,8,8
TRPVAD2508234bcf6d02,2025-08-23,GJ02,new,6,66,8,7
TRPJAI25082384c4e68e,2025-08-23,RJ01,new,34,445,9,9
TRPJAI250823c70e2558,2025-08-23,RJ01,repeated,31,409,7,9
TRPJAI250823a5270b4f,2025-08-23,RJ01,repeated,19,265,9,10
TRPCHA250823401c2b21,2025-08-23,CH01,repeated,26,260,6,6
TRPSUR2508234eb19c1d,2025-08-23,GJ01,repeated,16,147,6,6
TRPVAD2508230db17648,2025-08-23,GJ02,new,11,106,9,7
TRPLUC25082305f5dadf,2025-08-23,UP01,repeated,8,98,6,6
TRPKOC250823ecde134f,2025-08-23,KL01,new,14,185,10,9
TRPCOI2508239e1acd62,2025-08-23,TN01,repeated,20,183,6,9
TRPCHA250823b7d3fd40,2025-08-23,CH01,repeated,29,287,8,7
TRPJAI25082326515691,2025-08-23,RJ01,new,44,565,10,9
TRPSUR2508233e730a13,2025-08-23,GJ01,new,9,91,8,8
TRPMYS250823c847e230,2025-08-23,KA01,repeated,23,265,8,10
TRPSUR250823e2e7e6c0,2025-08-23,GJ01,new,9,91,8,7
TRPSUR250823f16ce817,2025-08-23,GJ01,repeated,14,131,6,7
TRPSUR2508236b3975f5,2025-08-23,GJ01,repeated,7,75,7,8
TRPLUC250823e96fc295,2025-08-23,UP01,repeated,9,107,7,6
TRPSUR25082314cbfaf8,2025-08-23,GJ01,repeated,9,91,6,7
TRPCHA25082311f1aed4,2025-08-23,CH01,new,29,287,9,8
TRPVIS250823817bfe6a,2025-08-23,AP01,repeated,23,234,8,8
TRPIND25082341a9ef36,2025-08-23,MP01,repeated,8,87,7,9
TRPJAI25082366b5014b,2025-08-23,RJ01,new,26,349,9,10
TRPMYS250823cb0b8f85,2025-08-23,KA01,new,15,185,10,10
TRPLUC2508239d171739,2025-08-23,UP01,repeated,9,107,6,8
TRPSUR25082338dda915,2025-08-23,GJ01,repeated,13,123,5,8
TRPCHA250823a908bde8,2025-08-23,CH01,repeated,20,206,8,8
TRPVIS25082382576529,2025-08-23,AP01,repeated,23,234,7,9
TRPLUC25082332c39df4,2025-08-23,UP01,new,17,179,7,6
TRPSUR250823425d2d86,2025-08-23,GJ01,new,12,115,9,8
TRPIND25082398e43ca9,2025-08-23,MP01,repeated,15,143,6,8
TRPJAI250823ba0c9cd3,2025-08-23,RJ01,repeated,19,265,9,9
TRPJAI25082352dae3ed,2025-08-23,RJ01,new,32,421,10,10
TRPLUC250823e26b41ac,2025-08-23,UP01,repeated,7,89,7,8
TRPIND250823e4d0bcab,2025-08-23,MP01,new,8,87,9,8
TRPLUC25082397c67e34,2025-08-23,UP01,repeated,14,152,5,5
TRPSUR25082390fa9035,2025-08-23,GJ01,new,5,59,8,8
TRPCOI250823429cb7b8,2025-08-23,TN01,repeated,20,183,8,6
TRPSUR2508237d08b1b4,2025-08-23,GJ01,repeated,7,75,7,8
TRPVIS2508238401a91a,2025-08-23,AP01,repeated,30,297,8,10
TRPKOC2508236b42686a,2025-08-23,KL01,new,38,449,8,9
TRPJAI250823b2db1860,2025-08-23,RJ01,repeated,41,529,9,8
TRPLUC250823ec3fdf60,2025-08-23,UP01,repeated,11,125,7,7
TRPCOI2508234a29cdae,2025-08-23,TN01,new,9,95,9,7
TRPIND25082369590c6a,2025-08-23,MP01,new,19,175,7,9
TRPLUC250823fa4cb9fc,2025-08-23,UP01,repeated,14,152,5,6
TRPIND2508236dd157b5,2025-08-23,MP01,repeated,18,167,7,9
TRPSUR250823ce073b3f,2025-08-23,GJ01,repeated,9,91,5,5
TRPCOI250823ef1a430a,2025-08-23,TN01,new,12,119,7,9
TRPCOI2508238dcd9512,2025-08-23,TN01,repeated,22,199,6,8
TRPLUC2508236b1b8430,2025-08-23,UP01,repeated,12,134,5,8
TRPJAI25082330ab0122,2025-08-23,RJ01,new,31,409,9,9
TRPIND250823d6de8e63,2025-08-23,MP01,new,24,215,7,9
TRPIND250823e0937539,2025-08-23,MP01,new,20,183,9,9
TRPLUC2508234021bf0b,2025-08-23,UP01,repeated,7,89,7,8
TRPLUC2508233a9f1239,2025-08-23,UP01,repeated,11,125,5,5
TRPSUR250823f5651226,2025-08-23,GJ01,repeated,10,99,5,8
TRPLUC250823b39fd74b,2025-08-23,UP01,repeated,11,125,7,7
TRPJAI2508239d5fc9ef,2025-08-23,RJ01,new,28,373,10,9
TRPLUC2508233ec76029,2025-08-23,UP01,repeated,5,71,5,8
TRPCHA2508235d165485,2025-08-23,CH01,repeated,20,206,8,9
TRPVIS2508235e753502,2025-08-23,AP01,new,10,117,8,10
TRPKOC250823845ae5a0,2025-08-23,KL01,new,35,416,8,8
TRPVAD25082372ccd0c6,2025-08-23,GJ02,repeated,5,58,6,7
TRPMYS2508236463cc03,2025-08-23,KA01,new,13,165,10,8
TRPJAI25082386031dca,2025-08-23,RJ01,repeated,21,289,9,10
TRPJAI2508232f276621,2025-08-23,RJ01,new,44,565,10,8
TRPLUC250823b2799028,2025-08-23,UP01,repeated,8,98,5,5
TRPVAD25082337e1ecc6,2025-08-23,GJ02,new,14,130,7,8
TRPJAI250823fe3b4c61,2025-08-23,RJ01,repeated,36,469,9,10
TRPLUC2508231405cf85,2025-08-23,UP01,repeated,13,143,5,6
TRPCHA25082342c8408a,2025-08-23,CH01,new,33,323,7,7
